Station number: 602.5
Location:       Pipletar                                                          Latitude: 27 17 45
River:          Hinwa Khola                                                      Longitude: 87 13 30

Year:           2007

                                    Mean daily discharge in m3/s
                                    ============================

Day     Jan.   Feb.   Mar.   Apr.   May    Jun.   Jul.   Aug.   Sep.   Oct.   Nov.   Dec.   Year
 01     3.64   2.14   2.56   1.74   2.28   8.22   18.7   14.6   11.5   16.0   6.80   5.80
 02     3.12   2.14   2.42   3.35   2.28   10.4   17.2   9.52   25.4   18.0   6.80   5.80
 03     2.84   2.14   2.28   3.26   2.28   13.0   14.1   9.52   36.6   14.0   6.80   5.80
 04     2.70   2.28   2.28   1.74   3.67   12.0   11.8   8.96   15.9   12.2   6.60   5.60
 05     2.51   2.42   2.28   1.74   2.70   10.2   10.9   8.68   10.6   19.2   8.03   5.60
 06     2.42   2.56   2.28   1.83   2.70   9.66   11.3   7.65   25.0   15.1   10.1   5.60
 07     2.42   2.70   2.14   2.42   2.56   9.26   11.7   7.19   43.4   14.8   9.05   5.60
 08     2.28   2.70   2.14   2.42   2.56   8.94   14.6   7.00   21.1   13.8   8.59   5.40
 09     2.14   2.70   2.70   2.42   3.60   8.14   14.2   6.80   12.7   10.1   8.03   5.40
 10     2.42   3.12   2.70   3.70   3.60   8.62   11.9   6.80   15.1   8.59   7.47   5.20
 11     2.42   3.12   2.75   5.28   3.94   7.42   11.1   6.67   12.3   7.37   7.00   5.20
 12     2.42   3.40   2.56   9.66   3.82   6.89   10.9   11.3   21.7   7.28   6.80   5.00
 13     2.42   3.76   2.51   9.66   3.40   6.66   10.2   17.5   21.5   11.4   6.80   5.00
 14     2.28   3.64   2.00   6.35   3.40   10.7   9.99   12.1   34.2   12.6   7.28   5.00
 15     2.28   4.30   2.00   6.35   3.31   11.7   9.82   10.2   26.0   19.6   6.80   4.84
 16     2.28   4.36   2.00   6.50   3.17   16.3   9.50   11.4   56.9   28.0   6.80   4.84
 17     2.28   3.94   1.92   7.04   5.81   13.1   26.0   13.6   59.4   17.3   6.60   4.68
 18     2.14   3.94   1.92   7.58   6.51   12.0   26.4   21.2   38.7   10.4   6.60   4.68
 19     2.14   3.94   1.86   7.90   10.9   11.2   29.0   16.3   32.6   12.2   6.40   4.52
 20     2.14   3.94   2.70   8.70   10.2   11.7   13.9   18.0   17.6   9.43   6.40   4.52
 21     2.14   4.18   2.98   8.94   11.5   13.0   9.24   20.8   14.5   7.93   6.40   4.52
 22     2.00   2.98   3.12   9.42   8.46   11.6   17.5   36.2   10.3   7.19   6.40   4.36
 23     2.00   2.98   3.12   5.20   8.30   11.1   13.4   21.6   13.8   8.40   6.40   4.36
 24     2.00   2.75   3.40   4.60   7.82   10.6   8.21   13.3   10.1   13.4   6.20   4.20
 25     1.92   2.56   2.98   3.26   7.58   9.82   9.13   9.05   11.4   13.4   6.20   4.20
 26     1.92   2.98   2.98   3.12   7.50   10.2   20.8   7.56   9.33   12.2   6.20   3.88
 27     1.92   2.98   2.84   2.70   7.19   9.82   25.6   13.4   8.68   9.24   6.00   3.77
 28     1.92   2.56   2.84   2.56   7.12   10.8   25.0   27.2   7.84   8.03   6.00   3.40
 29     1.92          2.28   2.56   6.66   9.99   21.0   45.0   7.28   9.52   6.00   3.26
 30     2.00          2.00   2.28   6.50   9.90   12.8   41.9   10.9   10.3   6.00   3.12
 31     2.00          2.00          7.35          10.8   23.0          7.75          3.12

Min     1.92   2.14   1.86   1.74   2.28   6.66   8.21   6.67   7.28   7.19   6.00   3.12   1.74
Mean    2.29   3.11   2.47   4.81   5.44   10.4   15.1   15.6   21.4   12.4   6.92   4.72   8.72
Max     3.64   4.36   3.40   9.66   11.5   16.3   29.0   45.0   59.4   28.0   10.1   5.80   59.4
