Station number: 602.5
Location:       Pipletar                                                          Latitude: 27 17 45
River:          Hinwa Khola                                                      Longitude: 87 13 30

Year:           2008

                                    Mean daily discharge in m3/s
                                    ============================

Day     Jan.   Feb.   Mar.   Apr.   May    Jun.   Jul.   Aug.   Sep.   Oct.   Nov.   Dec.   Year
 01     2.84   1.70   1.48   1.25   2.12   4.95   14.9   20.0   31.2   19.6   6.13   1.68
 02     2.70   1.70   1.48   1.20   1.92   12.3   18.7   25.3   32.8   15.2   4.53   1.58
 03     2.70   1.70   1.78   1.38   1.92   10.9   21.1   24.2   26.3   11.5   4.00   1.58
 04     2.42   1.70   1.78   1.48   1.55   13.0   19.1   20.0   19.0   6.00   3.80   1.47
 05     2.14   1.70   1.70   1.48   1.55   10.1   21.1   20.7   18.5   6.40   3.80   1.47
 06     2.00   1.70   1.70   1.82   1.70   9.15   17.0   15.6   24.4   5.60   3.40   1.47
 07     2.00   1.62   1.68   1.78   1.62   7.75   14.7   18.4   39.1   15.7   3.40   1.36
 08     1.98   1.62   1.62   1.82   1.80   7.09   12.4   24.4   42.2   12.4   3.40   1.36
 09     1.92   1.62   1.62   1.46   1.92   12.1   14.2   18.7   30.3   10.7   3.00   1.26
 10     1.92   1.62   1.62   1.58   1.62   12.0   20.2   14.6   24.9   15.3   3.00   1.26
 11     1.92   1.62   1.55   1.85   1.95   7.57   28.3   13.0   18.9   15.3   3.00   1.15
 12     1.92   1.62   1.55   1.80   1.78   10.8   23.1   12.3   25.4   12.5   2.80   1.15
 13     1.92   1.62   1.55   1.70   1.88   13.5   18.0   19.5   23.8   9.87   2.80   1.08
 14     1.92   1.62   1.48   1.68   2.00   14.1   16.0   17.0   25.2   17.4   2.60   1.05
 15     1.85   1.62   1.48   2.17   2.00   13.1   18.5   17.0   20.3   10.8   2.60  0.975
 16     1.85   1.55   1.48   3.03   2.84   12.0   23.2   17.1   19.4   8.53   2.40  0.904
 17     1.85   1.55   1.40   2.00   2.56   14.3   22.0   18.1   13.9   10.4   2.40  0.886
 18     1.85   1.55   1.40   1.88   3.62   14.3   23.1   23.9   15.5   9.20   2.40  0.886
 19     1.85   1.55   1.40   1.85   3.07   18.2   20.5   33.3   17.2   10.5   2.20  0.832
 20     1.85   1.55   1.32   1.85   4.25   15.0   17.2   22.9   14.1   9.20   2.20  0.832
 21     1.85   1.55   1.32   2.42   3.31   18.7   19.1   17.8   21.5   8.27   2.20  0.778
 22     1.85   1.55   1.25   1.62   2.93   23.0   16.9   16.9   28.0   6.13   2.00  0.778
 23     1.78   1.55   1.25   1.62   2.93   20.9   23.7   13.9   19.0   4.53   2.00  0.724
 24     1.78   1.48   1.25   1.62   2.84   16.7   23.4   13.9   19.5   7.07   1.89  0.724
 25     1.78   1.48   1.20   4.47   3.12   14.8   19.2   21.9   22.4   7.07   1.89  0.724
 26     1.78   1.48   1.20   2.52   3.45   14.3   15.3   28.2   12.5   12.5   1.79  0.670
 27     1.78   1.48   1.20   1.90   3.14   12.7   17.6   28.0   8.27   12.5   1.82  0.670
 28     1.78   1.48   1.14   1.60   1.75   17.1   20.4   24.2   8.67   15.0   1.79  0.670
 29     1.78   1.48   1.14   1.55   1.68   19.2   19.7   25.7   6.80   11.7   1.68  0.616
 30     1.78          1.14   3.27   2.42   17.9   18.3   27.1   13.5   9.47   1.68  0.616
 31     1.70          1.25          3.07          15.1   33.2          7.33         0.616

Min     1.70   1.48   1.14   1.20   1.55   4.95   12.4   12.3   6.80   4.53   1.68  0.616  0.616
Mean    1.97   1.59   1.43   1.92   2.40   13.6   19.1   20.9   21.4   10.8   2.75   1.03   8.24
Max     2.84   1.70   1.78   4.47   4.25   23.0   28.3   33.3   42.2   19.6   6.13   1.68   42.2
