Station number: 602.5
Location:       Pipletar                                                          Latitude: 27 17 45
River:          Hinwa Khola                                                      Longitude: 87 13 30

Year:           2006

                                    Mean daily discharge in m3/s
                                    ============================

Day     Jan.   Feb.   Mar.   Apr.   May    Jun.   Jul.   Aug.   Sep.   Oct.   Nov.   Dec.   Year
 01     3.76   1.92   1.83   7.27   2.98   6.78   16.9   16.5   15.2   13.3   9.02   6.66
 02     3.64   1.92   1.77   7.19   2.89   10.1   17.5   19.6   13.4   12.8   9.02   6.43
 03     3.46   1.92   1.74   7.28   2.84   12.7   17.2   25.2   15.1   12.2   8.86   6.35
 04     3.40   1.92   1.74   7.99   2.70   12.2   14.7   19.3   14.5   11.9   8.94   6.20
 05     3.31   1.92   1.74   9.97   2.70   10.4   12.8   15.3   13.8   11.1   8.86   6.12
 06     3.26   1.92   1.69   10.2   2.70   9.82   12.1   12.6   13.1   10.6   8.54   6.82
 07     3.26   1.86   1.66   11.4   2.61   9.06   11.5   12.2   12.6   11.5   8.62   6.74
 08     3.26   1.83   1.66   10.3   2.56   8.34   11.0   11.4   20.9   12.1   8.54   6.82
 09     3.12   1.83   1.66   9.82   2.56   8.14   19.2   10.5   15.7   12.6   8.62   6.59
 10     2.98   1.83   1.66   9.50   2.56   10.3   14.8   9.82   16.4   4.92   8.38   6.59
 11     2.93   1.83   1.66   9.34   2.42   9.66   16.4   10.3   16.2   7.82   8.70   6.43
 12     2.84   1.99   1.66   8.62   2.42   11.8   14.4   12.1   15.7   10.6   8.86   6.43
 13     2.70   1.92   1.63   7.66   2.42   10.2   13.2   11.5   17.1   10.2   8.22   5.43
 14     2.61   1.89   1.63   5.97   2.42   9.82   13.7   10.3   16.3   8.33   8.06   5.43
 15     2.56   1.83   1.58   12.2   2.33   11.1   12.5   9.90   15.5   6.58   7.90   5.43
 16     2.42   1.83   2.79   9.99   2.28   13.4   12.2   12.9   15.3   6.58   7.74   5.28
 17     2.42   1.83   2.25   8.94   2.28   12.7   12.5   13.8   14.7   7.12   7.74   5.20
 18     2.28   1.83   1.97   7.42   3.23   13.4   16.0   12.2   13.3   7.75   7.50   5.08
 19     2.23   1.77   1.92   6.89   3.44   15.5   13.3   11.8   12.9   9.18   7.50   5.02
 20     2.23   1.74   1.83   6.66   7.43   15.8   11.4   11.9   13.1   8.94   7.50   4.90
 21     2.14   1.74   1.74   6.20   6.35   16.2   20.9   12.2   14.0   9.10   7.27   4.84
 22     2.14   1.74   1.74   5.74   5.16   18.5   22.8   12.0   14.0   9.02   7.27   4.66
 23     2.14   1.74   1.74   5.14   4.24   15.7   18.8   12.2   13.0   13.8   7.12   4.54
 24     2.14   1.74   1.66   4.72   3.46   13.9   16.4   11.3   12.2   11.9   6.89   4.48
 25     2.14   1.97   1.66   4.54   3.07   13.1   17.9   13.4   11.8   10.5   6.81   4.42
 26     2.05   2.61   1.66   4.18   2.65   13.2   25.2   13.6   14.1   9.99   6.73   4.30
 27     2.00   1.97   1.66   3.88   3.59   12.9   18.6   13.7   14.8   8.79   6.66   4.24
 28     2.00   1.83   4.40   5.55   2.89   11.9   15.1   13.9   15.0   8.71   6.58   4.12
 29     2.00          5.75   3.21   2.65   11.3   13.8   14.4   14.4   8.54   6.58   4.12
 30     2.00          4.54   3.32   2.56   10.5   13.3   14.4   14.0   8.46   6.97   4.00
 31     1.97          5.45          5.31          14.0   15.1          7.69          3.88

Min     1.97   1.74   1.58   3.21   2.28   6.78   11.0   9.82   11.8   4.92   6.58   3.88   1.58
Mean    2.63   1.88   2.20   7.37   3.22   11.9   15.5   13.4   14.6   9.77   7.87   5.40   7.98
Max     3.76   2.61   5.75   12.2   7.43   18.5   25.2   25.2   20.9   13.8   9.02   6.82   25.2

