Station number: 602.5
Location:       Pipletar                                                          Latitude: 27 17 45
River:          Hinwa Khola                                                      Longitude: 87 13 30

Year:           1996

                                    Mean daily discharge in m3/s
                                    ============================

Day     Jan.   Feb.   Mar.   Apr.   May    Jun.   Jul.   Aug.   Sep.   Oct.   Nov.   Dec.   Year
 01     3.30   2.60   1.96   1.96   13.6   13.2   27.9   13.2   24.0   13.8   8.96   5.27
 02     3.15   2.52   1.96   2.04   11.9   16.6   23.8   19.5   18.8   14.6   8.31   5.20
 03     3.00   2.49   1.96   1.96   11.8   8.20   18.1   21.3   18.2   15.6   8.03   5.01
 04     3.00   2.46   2.04   1.76   7.60   8.30   13.2   12.4   18.2   14.0   7.84   4.89
 05     3.10   2.38   1.96   1.68   21.1   7.40   12.8   12.8   15.6   12.9   7.56   4.68
 06     3.00   2.38   2.49   1.65   4.11   6.40   14.8   20.1   15.0   12.8   7.37   4.57
 07     3.00   2.32   2.35   1.65   7.40   6.40   22.8   16.3   13.6   13.9   7.28   4.41
 08     2.90   2.28   2.46   1.65   9.20   14.1   15.2   14.9   18.0   16.9   6.80   4.31
 09     3.00   2.28   2.46   1.65   8.70   11.2   15.6   13.9   17.4   14.8   6.60   4.25
 10     2.85   2.21   2.32   1.65   7.60   12.5   19.7   18.6   16.5   13.9   6.47   4.20
 11     2.70   2.17   2.52   1.57   6.90   10.2   24.8   25.2   15.7   13.4   6.20   4.15
 12     2.70   2.17   3.00   1.57   6.50   7.90   22.3   21.9   15.4   13.4   6.00   4.09
 13     2.70   2.17   2.80   1.50   6.30   7.90   41.2   25.6   15.3   12.7   6.00   3.99
 14     2.70   2.17   2.90   1.50   3.00   21.7   19.9   19.2   14.7   12.2   5.80   3.93
 15     3.60   2.17   2.80   1.42   2.85   32.6   16.8   27.4   14.1   11.8   5.80   3.88
 16     3.80   2.14   2.70   1.42   2.70   14.9   21.6   15.3   13.5   11.6   5.80   3.88
 17     3.35   2.17   2.52   1.42   2.70   14.3   36.2   15.6   13.2   11.8   5.80   3.88
 18     3.00   2.07   2.46   1.42   3.70   12.5   30.4   22.8   13.3   11.5   5.67   3.83
 19     2.95   2.07   2.14   1.42   2.90   12.1   30.0   21.1   16.4   11.1   5.73   3.72
 20     2.85   2.07   1.96   1.64   3.62   12.4   18.5   20.2   12.9   10.8   5.80   3.72
 21     2.85   2.07   1.96   1.82   2.90   10.6   16.0   24.6   12.4   10.6   5.80   3.67
 22     2.85   1.96   1.76   1.68   3.20   11.5   15.9   23.2   12.2   10.5   5.60   3.56
 23     2.75   1.96   1.68   1.65   2.75   11.3   14.5   22.6   11.8   10.4   5.60   3.51
 24     2.70   1.93   1.65   2.00   17.7   10.8   14.5   18.0   14.0   10.3   5.60   3.40
 25     2.80   1.86   1.65   1.86   11.7   8.60   16.0   15.1   12.8   10.0   5.60   3.35
 26     2.80   1.93   2.52   1.96   10.1   8.20   14.7   28.4   20.7   9.80   5.60   3.26
 27     2.85   1.96   1.50   1.86   8.20   14.9   13.7   26.4   15.0   9.52   5.60   3.26
 28     2.75   1.90   1.76   1.76   8.40   12.5   12.3   15.3   15.9   9.61   5.47   3.21
 29     2.70   1.96   1.65   1.90   8.20   12.7   11.0   22.4   14.7   9.33   5.40   3.12
 30     2.70          1.65   1.76   15.6   12.5   11.1   14.0   12.9   9.24   5.40   3.12
 31     2.63          2.10          17.2          13.6   22.8          8.96          3.03

Min     2.63   1.86   1.50   1.42   2.70   6.40   11.0   12.4   11.8   8.96   5.40   3.03   1.42
Mean    2.94   2.17   2.18   1.69   8.07   12.2   19.3   19.7   15.4   12.0   6.32   3.95   8.82
Max     3.80   2.60   3.00   2.04   21.1   32.6   41.2   28.4   24.0   16.9   8.96   5.27   41.2

