Station number: 602.5
Location:       Pipletar                                                          Latitude: 27 17 45
River:          Hinwa Khola                                                      Longitude: 87 13 30

Year:           2004

                                    Mean daily discharge in m3/s
                                    ============================

Day     Jan.   Feb.   Mar.   Apr.   May    Jun.   Jul.   Aug.   Sep.   Oct.   Nov.   Dec.   Year
 01     2.56   1.68   1.03   2.10   3.35   20.2   15.4   12.3   11.3   19.2   6.73   3.62
 02     2.56   1.68   1.03   2.00   5.35   2.44   19.8   12.8   9.53   12.5   6.62   3.47
 03     2.56   1.68   1.03  0.926   3.16   39.9   13.5   13.5   9.00   11.8   7.75   3.40
 04     2.56   1.57  0.967  0.804   8.53   48.7   13.9   12.7   8.77   12.2   7.41   3.40
 05     2.44   1.57  0.967  0.743   5.16   28.0   17.2   14.6   11.0   12.7   6.73   3.32
 06     2.44   1.57  0.967  0.723   3.99   18.1   12.5   11.9   15.6   11.9   6.62   3.28
 07     2.44   1.57  0.906  0.662   3.20   13.4   23.2   10.7   14.7   11.5   6.28   3.20
 08     2.44   1.57  0.906  0.642   2.64   10.2   17.8   9.53   11.9   11.4   6.28   3.16
 09     2.36   1.46  0.906  0.601   3.20   8.43   15.8   9.13   10.7   11.0   5.94   3.16
 10     2.32   1.46  0.906  0.601   2.80   6.17   12.9   8.66   9.53   10.7   5.71   3.08
 11     2.32   1.46  0.845  0.581   2.32   5.53   11.0   12.1   8.77   10.7   5.60   3.04
 12     2.28   1.46  0.845  0.540   2.10   5.87   11.4   11.7   8.55   10.6   5.45   3.04
 13     2.20   1.40  0.845   3.03   1.99   7.41   12.2   12.5   8.43   10.3   5.38   2.92
 14     2.20   1.36  0.845   2.72   1.92   5.53   11.1   10.6   8.09   10.1   5.16   2.92
 15     2.20   1.36  0.845   1.82   3.57   7.30   10.1   11.0   7.87   9.93   5.16   2.92
 16     2.20   1.36  0.845   1.14   2.88   9.06   9.80   9.53   7.75   9.53   4.87   2.84
 17     2.13   1.25  0.784  0.991   2.52   8.57   9.13   9.13   7.64   9.13   4.72   2.80
 18     2.10   1.25  0.784   2.21   5.38   11.1   8.89   8.77   13.3   9.00   4.72   2.80
 19     2.10   1.25  0.784   2.00   4.13   10.5   10.7   12.9   15.5   8.77   4.57   2.76
 20     1.99   1.25   1.02   1.07   3.47   11.1   10.2   15.3   17.0   8.55   4.50   2.68
 21     1.99   1.15  0.967  0.886   3.77   10.1   10.1   13.5   15.5   8.32   4.50   2.68
 22     1.99   1.15  0.804  0.764   3.08   10.0   8.77   11.8   17.6   8.09   4.35   2.56
 23     1.96   1.15  0.784  0.662   2.92   13.9   8.43   10.5   15.1   8.32   4.28   2.56
 24     1.88   1.15  0.784  0.743   2.80   11.7   8.09   10.1   13.1   7.64   4.13   2.52
 25     1.88   1.11  0.723  0.540   2.68   14.9   7.87   8.77   15.5   7.41   4.06   2.44
 26     1.88   1.09  0.723  0.703   2.56   11.5   7.64   9.02   15.4   7.30   4.06   2.44
 27     1.82   1.09  0.723   3.47   2.36   9.93   7.41   8.77   23.5   7.75   3.84   2.32
 28     1.78   1.07  0.703   3.16   2.32   18.4   7.30   9.67   11.9   7.41   3.84   2.32
 29     1.78   1.03  0.662   2.56   2.32   16.3   7.07   9.27   10.6   7.30   3.69   2.32
 30     1.78         0.662   2.68   5.28   15.7   11.3   8.89   12.7   6.96   3.62   2.32
 31     1.71         0.662          6.10          10.5   8.77          6.96          2.20

Min     1.71   1.03  0.662  0.540   1.92   2.44   7.07   8.66   7.64   6.96   3.62   2.20  0.540
Mean    2.16   1.35  0.847   1.40   3.48   13.7   11.6   10.9   12.2   9.84   5.22   2.85   6.30
Max     2.56   1.68   1.03   3.47   8.53   48.7   23.2   15.3   23.5   19.2   7.75   3.62   48.7

