Station number: 602.5
Location:       Pipletar                                                          Latitude: 27 17 45
River:          Hinwa Khola                                                      Longitude: 87 13 30

Year:           1993

                                    Mean daily discharge in m3/s
                                    ============================

Day     Jan.   Feb.   Mar.   Apr.   May    Jun.   Jul.   Aug.   Sep.   Oct.   Nov.   Dec.   Year
 01     3.04   1.88   2.20   1.99   2.44   4.28   8.66   14.0   23.0   16.5   4.50   2.68
 02     2.92   2.44   2.20   1.88   2.32   15.5   13.0   21.0   12.2   15.5   4.50   2.68
 03     3.04   2.44   2.20   1.88   3.84   7.98   13.5   21.0   19.5   13.5   4.28   2.56
 04     3.04   2.44   2.10   1.99   3.40   5.60   13.5   19.5   18.0   13.0   4.28   2.68
 05     3.04   2.44   2.10   1.99   17.0   4.06   9.00   20.5   14.0   11.8   4.06   2.56
 06     3.04   2.44   2.10   1.99   7.98   5.94   7.64   23.0   12.6   11.4   3.84   2.56
 07     3.04   2.32   1.99   1.99   2.92   4.28   11.8   21.0   11.8   10.6   3.84   2.56
 08     2.56   2.20   1.99   1.68   3.16   7.98   11.0   26.0   12.6   10.6   3.84   4.06
 09     3.04   2.20   1.99   1.68   3.16   7.30   10.2   19.5   12.2   10.2   3.84   4.06
 10     3.28   2.32   1.99   1.88   3.40   5.60   11.8   34.4   12.6   10.6   3.40   2.44
 11     3.28   2.32   1.88   4.50   2.80   4.28   9.40   23.0   23.0   10.6   3.28   2.44
 12     3.28   2.20   1.88   12.2   9.00   5.16   8.32   19.5   15.5   11.0   3.28   2.32
 13     3.28   3.28   1.88   2.92   2.44   4.94   8.66   24.8   12.2   9.00   3.04   2.32
 14     0.91   6.96   1.88   2.68   4.72   3.84   11.0   23.6   10.2   9.40   1.78   2.32
 15     0.91   2.68   1.88   1.36   3.16   4.50   11.0   19.5   10.2   9.80   1.78   2.32
 16     0.91   2.20   2.80   1.36   2.92   3.84   10.2   24.2   11.0   9.40   4.06   1.99
 17     0.91   2.32   1.99   1.46   2.92   4.28   10.2   23.0   13.5   9.80   3.40   1.99
 18     0.91   2.32   1.88   1.88   2.92   6.28   9.80   24.8   14.0   9.40   3.40   1.88
 19     0.91   2.44   1.78   1.88   2.92   6.96   26.0   22.0   18.0   4.50   3.28   1.88
 20     0.85   2.44   1.99   1.88   3.04   6.28   17.5   21.0   20.0   4.50   3.40   1.78
 21     0.85   2.44   1.88   1.99   3.04   5.94   13.0   27.8   14.0   4.28   3.28   1.78
 22     0.85   2.32   1.88   1.88   3.16   19.5   16.0   25.4   15.5   4.06   3.28   1.99
 23     0.85   2.32   1.88   6.62   3.28   15.0   20.0   20.5   19.5   4.50   3.04   1.99
 24     0.85   2.32   1.99   2.80   3.28   27.2   18.0   19.5   15.5   3.40   2.92   1.99
 25     0.91   2.32   1.99   3.62   3.16   11.4   22.5   19.0   19.0   4.50   2.92   1.88
 26     1.36   2.32   1.99   3.40   3.84   9.00   19.5   18.0   17.0   4.50   1.78   1.78
 27     1.36   2.20   2.10   2.32   3.62   8.32   19.0   19.0   16.0   4.50   3.04   1.78
 28     1.46   2.20   2.10   2.44   3.16   7.64   24.2   18.0   14.0   4.28   3.04   1.68
 29     1.57          2.10   2.20   3.28   10.2   20.0   15.0   15.5   4.50   2.80   1.68
 30     1.57          1.88   2.20   3.62   18.5   20.5   20.5   17.5   4.50   2.68   1.68
 31     1.57          1.88          11.0          20.5   16.5          4.50          1.68

Min     0.85   1.88   1.78   1.36   2.32   3.84   7.64   14.0   10.2   3.40   1.78   1.68   0.85
Mean    1.91   2.53   2.01   2.68   4.22   8.39   14.4   21.4   15.3   8.34   3.33   2.26   7.23
Max     3.28   6.96   2.80   12.2   17.0   27.2   26.0   34.4   23.0   16.5   4.50   4.06   34.4

