Station number: 602.5
Location:       Pipletar                                                          Latitude: 27 17 45
River:          Hinwa Khola                                                      Longitude: 87 13 30

Year:           1984

                                    Mean daily discharge in m3/s
                                    ============================

Day     Jan.   Feb.   Mar.   Apr.   May    Jun.   Jul.   Aug.   Sep.   Oct.   Nov.   Dec.   Year
 01     NA     1.75   1.42   1.12   2.17   6.81   16.0   16.5   13.5   10.4   4.48   2.56
 02     NA     1.75   1.35   1.89   2.07   6.35   14.0   13.7   13.4   9.90   4.30   2.42
 03     NA     1.75   1.35   1.15   1.75   5.89   14.0   16.1   12.8   9.90   4.30   2.42
 04     NA     1.75   1.35   1.10   12.2   5.66   14.0   15.9   13.1   9.26   4.12   2.42
 05     NA     1.65   1.35   1.00   9.48   5.97   12.3   13.8   13.4   8.78   4.00   2.33
 06     NA     1.65   1.35   0.98   4.18   5.74   15.4   12.7   13.4   8.30   3.94   2.28
 07     NA     1.65   1.35   0.98   10.8   6.04   15.4   12.2   12.8   8.06   3.94   2.28
 08     NA     1.65   1.35   0.93   18.2   7.51   20.1   12.1   13.5   7.82   3.94   2.28
 09     NA     1.65   1.35   0.90   13.5   6.12   20.9   11.6   11.3   7.50   3.94   2.19
 10     NA     1.65   1.35   1.67   6.82   5.89   20.6   9.90   11.3   7.19   3.94   2.14
 11     NA     1.65   1.35   1.51   5.81   6.96   19.8   13.4   15.0   6.58   3.94   2.14
 12     NA     1.65   1.35   1.20   5.74   6.58   18.9   11.8   12.1   6.12   3.94   2.14
 13     NA     1.57   1.35   1.07   6.97   5.74   18.9   11.5   11.1   6.12   3.82   2.14
 14     NA     1.57   1.28   1.05   9.45   7.20   18.9   11.3   11.1   6.12   3.76   2.14
 15     2.07   1.57   1.20   1.05   11.7   7.20   18.1   10.3   11.1   6.89   3.76   2.00
 16     2.03   1.57   1.20   1.05   8.30   6.35   18.1   9.90   11.5   6.04   3.58   2.00
 17     2.07   1.50   1.20   2.64   7.82   8.54   18.1   10.3   15.8   5.97   3.46   2.00
 18     2.17   1.50   1.20   3.32   7.04   6.35   16.0   9.90   15.1   5.89   3.40   2.00
 19     2.17   1.42   1.20   2.83   6.43   8.54   14.8   9.90   16.2   5.74   3.26   2.00
 20     2.17   1.63   1.20   1.55   5.43   8.86   14.2   11.7   15.0   5.66   3.21   1.94
 21     2.17   1.60   1.20   1.61   6.58   8.38   14.8   15.6   13.0   5.66   3.12   1.91
 22     2.10   1.47   1.12   1.86   8.70   7.98   15.4   13.1   15.1   5.43   3.12   1.91
 23     2.00   1.42   1.12   1.50   8.06   8.86   25.2   18.1   12.6   5.28   3.03   1.83
 24     1.96   1.42   1.12   1.42   7.35   9.37   19.6   17.6   12.2   5.20   2.98   1.83
 25     1.96   1.42   1.12   1.42   10.4   10.2   19.7   12.2   11.5   5.20   2.98   1.83
 26     1.96   1.42   1.12   12.6   7.98   9.02   28.2   12.6   11.5   6.81   2.89   1.74
 27     1.86   1.42   1.22   2.49   8.54   9.02   19.1   12.1   11.0   6.81   2.84   1.74
 28     1.86   1.42   1.20   2.64   8.30   8.38   16.8   11.5   10.9   4.84   2.70   1.74
 29     1.75   1.42   1.12   3.72   8.62   11.3   19.4   19.1   10.8   4.66   2.61   1.74
 30     1.75          1.05   3.72   8.30   10.4   15.7   12.1   10.5   4.48   2.56   1.74
 31     1.75          1.05          7.58          22.5   15.6          4.48          1.74

Min     NA     1.42   1.05   0.90   1.75   5.66   12.3   9.90   10.5   4.48   2.56   1.74   NA  
Mean    NA     1.57   1.24   2.07   7.94   7.57   17.9   13.0   12.7   6.68   3.53   2.05   NA  
Max     NA     1.75   1.42   12.6   18.2   11.3   28.2   19.1   16.2   10.4   4.48   2.56   NA  

