Station number: 602.5
Location:       Pipletar                                                          Latitude: 27 17 45
River:          Hinwa Khola                                                      Longitude: 87 13 30

Year:           1979

                                    Mean daily discharge in m3/s
                                    ============================

Day     Jan.   Feb.   Mar.   Apr.   May    Jun.   Jul.   Aug.   Sep.   Oct.   Nov.   Dec.   Year
 01     NA     1.23   1.02   0.71   1.40   2.70   11.7   5.16   9.80   8.40   1.86   2.81
 02     NA     1.23   1.02   0.71   1.11   2.70   10.6   6.54   9.10   5.90   1.75   1.77
 03     NA     1.23   0.98   0.71   1.00   2.70   9.10   6.52   8.90   5.22   1.75   1.42
 04     NA     1.23   0.96   0.71   0.96   2.90   6.08   9.90   14.8   4.44   1.65   1.32
 05     NA     1.23   0.96   0.71   0.92   2.95   5.48   12.7   13.3   4.22   1.65   1.28
 06     NA     1.23   0.96   0.65   0.83   2.70   6.18   11.7   13.0   3.12   1.62   1.28
 07     NA     1.23   0.96   0.65   0.73   2.70   5.68   7.80   13.1   2.32   1.57   1.25
 08     NA     1.77   0.96   0.65   0.69   2.90   6.52   5.78   11.6   2.61   1.57   1.20
 09     NA     1.58   0.96   0.65   0.65   2.75   4.56   4.74   10.2   3.97   1.57   1.20
 10     NA     1.43   0.90   0.65   5.39   2.75   5.10   4.56   10.8   3.50   1.52   1.20
 11     NA     1.38   0.90   0.92   3.05   7.17   5.16   4.18   9.60   3.20   1.50   1.15
 12     NA     1.32   0.90   0.73   3.97   3.61   6.32   4.68   9.00   3.25   1.50   1.12
 13     NA     1.32   0.90   0.86   4.11   4.98   5.74   4.32   7.80   2.92   1.50   1.12
 14     NA     1.32   0.90   0.73   5.72   4.57   5.14   3.95   7.80   3.20   1.47   1.12
 15     1.40   1.32   0.90   0.71   7.20   5.18   4.56   3.85   6.80   2.90   1.42   1.12
 16     1.40   1.29   0.90   0.77   5.58   4.01   4.68   3.80   7.40   2.95   1.42   1.12
 17     1.40   1.23   0.90   0.79   4.92   3.90   5.52   3.75   5.60   2.63   1.42   1.07
 18     1.40   1.23   0.90   0.79   3.55   6.38   5.70   3.65   4.94   2.53   1.42   1.05
 19     1.32   1.15   0.90   0.88   2.98   5.92   5.22   3.55   4.69   2.42   1.42   1.05
 20     1.32   1.15   0.90   0.92   2.00   7.12   5.04   46.9   4.10   2.21   1.42   1.05
 21     1.32   1.15   0.90   3.23   5.68   7.23   5.16   18.5   3.50   2.21   1.42   1.00
 22     1.32   1.15   0.86   2.23   4.22   9.67   5.58   15.7   4.12   2.14   1.37   0.98
 23     1.32   1.11   0.83   1.77   3.65   8.50   5.78   11.8   5.38   2.00   1.35   0.98
 24     1.32   1.09   0.83   1.36   3.40   8.10   6.60   12.6   4.29   1.89   1.35   0.95
 25     1.26   1.09   0.83   0.79   3.35   6.58   6.26   11.3   4.21   1.79   1.35   0.90
 26     1.23   1.09   0.81   0.75   3.30   7.10   6.38   11.8   3.73   1.68   1.35   0.90
 27     1.23   1.02   0.77   1.00   3.05   9.30   7.10   9.60   3.20   2.93   1.35   0.90
 28     1.23   1.02   0.77   0.81   2.90   10.3   6.74   9.00   2.81   2.32   1.55   0.87
 29     1.49          0.77   9.15   2.85   11.8   7.50   9.30   3.45   2.14   1.47   0.85
 30     1.35          0.83   7.99   2.75   10.8   5.46   19.9   9.90   2.07   1.69   0.85
 31     1.26          0.75          2.70          4.86   12.2          1.93          0.85

Min     NA     1.02   0.75   0.65   0.65   2.70   4.56   3.55   2.81   1.68   1.35   0.85   NA  
Mean    NA     1.24   0.89   1.47   3.05   5.67   6.18   9.67   7.56   3.06   1.51   1.15   NA  
Max     NA     1.77   1.02   9.15   7.20   11.8   11.7   46.9   14.8   8.40   1.86   2.81   NA  

