Station number: 602.5
Location:       Pipletar                                                          Latitude: 27 17 45
River:          Hinwa Khola                                                      Longitude: 87 13 30

Year:           2001

                                    Mean daily discharge in m3/s
                                    ============================

Day     Jan.   Feb.   Mar.   Apr.   May    Jun.   Jul.   Aug.   Sep.   Oct.   Nov.   Dec.   Year
 01     2.05   1.62   1.42  0.993   14.9   9.69   29.4   7.21   16.0   19.7   7.84   5.07
 02     2.00   1.58   1.38   1.45   27.0   9.36   22.0   6.47   15.8   12.6   7.56   5.00
 03     2.00   1.55   1.32   1.10   16.1   24.4   28.6   6.07   15.1   17.6   7.56   5.00
 04     2.00   1.55   1.27   1.03   15.3   17.4   19.3   5.93   14.0   12.0   7.37   4.84
 05     2.00   1.55   1.25   1.01   13.8   12.6   21.6   5.87   13.5   10.5   7.28   4.84
 06     2.00   1.55   1.25  0.975   12.6   19.1   19.2   8.96   17.5   10.5   7.00   4.79
 07     1.92   1.50   1.25  0.957   9.36   16.9   20.2   6.87   15.2   9.71   7.00   4.68
 08     1.92   1.48   1.21  0.920   11.0   20.6   22.0   6.20   14.7   9.15   6.80   4.68
 09     1.92   1.48   1.20   1.32   16.9   22.0   23.8   5.73   14.2   8.77   6.67   4.68
 10     1.92   1.48   1.20   1.38   22.4   23.4   11.8   5.47   13.0   8.21   6.47   4.57
 11     1.92   1.48   1.20   1.30   12.8   20.8   12.9   7.21   14.4   7.65   6.40   4.52
 12     1.85   1.48   1.14   2.42   11.0   20.6   15.2   7.71   14.0   7.09   6.40   4.52
 13     1.85   1.42   1.14   5.20   9.15   25.0   16.3   17.5   14.3   6.73   6.20   4.52
 14     1.85   1.40   1.14   4.69   17.6   25.0   12.1   16.6   12.7   6.33   6.20   4.36
 15     1.85   1.40   1.35   5.11   15.1   24.8   12.7   14.7   11.5   5.93   6.00   4.36
 16     1.85   1.40   1.33   4.04   16.6   23.4   17.5   14.0   11.4   5.60   6.00   4.36
 17     1.85   1.40   1.16   3.77   12.6   28.0   13.0   13.8   10.3   5.27   6.00   4.36
 18     1.80   1.32   1.14   4.57   22.0   26.2   10.5   18.8   9.71   10.9   6.00   4.20
 19     1.78   1.32   1.10   4.15   17.3   24.2   10.2   17.9   9.43   12.1   5.87   4.20
 20     1.78   1.32   1.08   4.36   16.3   19.2   9.55   21.0   10.3   10.3   5.80   4.20
 21     1.78   1.32   1.08   3.77   24.4   16.2   9.15   19.6   11.8   10.5   5.80   4.20
 22     1.78   1.27   1.05   3.41   22.4   13.2   8.59   24.8   11.4   11.6   5.73   4.09
 23     1.72   1.25   1.03   3.17   26.4   10.9   10.3   23.0   11.8   11.8   5.60   4.04
 24     1.70   2.16   1.03   2.89   12.8   13.4   9.60   27.2   13.4   10.4   5.60   4.04
 25     1.70   2.37   1.03   2.79   8.96   14.7   8.49   25.0   15.8   9.05   5.60   4.04
 26     1.70   2.84   1.03   5.67   6.93   16.4   8.31   23.6   14.8   8.87   5.53   3.99
 27     1.70   1.85   1.33   8.03   6.40   14.6   7.65   28.0   20.4   8.68   5.40   3.88
 28     1.62   1.62   1.23   11.2   6.47   27.0   6.93   33.4   15.8   8.40   5.40   3.88
 29     1.62          1.26   7.15   8.21   23.2   6.67   30.2   13.9   8.40   5.20   3.88
 30     1.62          1.07   12.8   8.87   28.0   6.33   25.0   16.0   8.12   5.20   3.88
 31     1.62         0.993          8.03          6.20   18.8          8.49          3.72

Min     1.62   1.25  0.993  0.920   6.40   9.36   6.20   5.47   9.43   5.27   5.20   3.72  0.920
Mean    1.83   1.57   1.18   3.72   14.5   19.7   14.1   15.9   13.7   9.71   6.25   4.37   8.87
Max     2.05   2.84   1.42   12.8   27.0   28.0   29.4   33.4   20.4   19.7   7.84   5.07   33.4

