Station number: 602.5
Location:       Pipletar                                                          Latitude: 27 17 45
River:          Hinwa Khola                                                      Longitude: 87 13 30

Year:           2002

                                    Mean daily discharge in m3/s
                                    ============================

Day     Jan.   Feb.   Mar.   Apr.   May    Jun.   Jul.   Aug.   Sep.   Oct.   Nov.   Dec.   Year
 01     3.72   2.60   1.61   8.87   5.09   5.93   7.93   11.7   16.6   7.28   4.52   3.40
 02     3.72   2.60   1.61   7.03   5.01   6.81   7.37   10.9   30.8   6.80   4.52   3.40
 03     3.72   2.60   1.61   5.47   8.12   8.31   6.93   10.5   25.0   6.60   4.52   3.40
 04     3.72   2.60   1.54   4.41   7.37   6.53   6.73   12.8   18.8   6.47   4.36   3.40
 05     3.61   2.49   1.51   4.51   8.96   16.8   6.53   13.9   10.6   6.40   4.36   3.24
 06     3.56   2.44   1.51   2.49   31.8   17.2   6.47   11.7   8.77   6.20   4.36   3.24
 07     3.56   2.44   1.51   1.82   10.2   13.4   6.67   14.2   8.59   6.13   4.36   3.24
 08     3.56   2.44   1.42   1.54   7.15   17.9   10.2   15.6   8.03   6.00   4.31   3.24
 09     3.56   2.33   1.42   1.35   6.47   13.0   13.5   13.4   8.21   6.00   4.20   3.08
 10     3.40   2.28   1.42   1.66   5.80   9.97   11.7   11.4   8.12   5.80   4.20   3.08
 11     3.40   2.28   1.38   2.33   4.84   10.5   9.27   9.83   9.97   5.73   4.20   3.08
 12     3.40   2.28   1.32   1.54   7.08   9.45   14.4   9.15   7.84   5.60   4.20   3.08
 13     3.40   2.17   1.32   2.65   7.49   20.3   14.0   9.33   7.56   5.40   4.09   2.92
 14     3.29   2.12   1.32   2.87   6.00   18.8   10.5   8.59   7.47   5.40   4.04   2.92
 15     3.24   2.12   1.22   1.67   7.40   16.3   12.1   20.7   9.57   5.27   4.04   2.92
 16     3.24   2.12   1.22   1.35   12.6   22.6   14.4   17.1   9.43   5.20   4.04   2.92
 17     3.24   2.01   1.22   1.61   6.96   14.8   11.4   19.0   8.96   5.13   4.04   2.76
 18     3.08   1.96   1.22   1.35   6.93   11.7   19.0   21.4   7.37   5.00   3.88   2.76
 19     3.08   1.96   1.91   1.29   6.00   9.43   19.9   19.5   7.09   5.07   3.88   2.76
 20     3.08   1.96   1.51   1.22   4.73   8.68   41.8   27.6   6.73   5.27   3.88   2.76
 21     3.08   1.91   1.84   1.90   5.93   7.03   26.8   30.2   6.67   4.89   3.88   2.60
 22     3.08   1.80   1.67   3.56   4.99   6.13   23.6   22.2   6.60   4.84   3.72   2.60
 23     2.92   1.80   1.45   3.88   3.88   5.01   20.4   17.0   7.31   4.84   3.72   2.60
 24     2.92   1.80   1.32   8.05   3.24   4.79   27.4   15.7   6.47   4.84   3.72   2.60
 25     2.92   1.77   1.32   5.60   7.15   8.21   29.4   20.6   6.40   4.79   3.72   2.55
 26     2.92   1.70   1.32   3.83   8.21   8.40   18.5   20.1   6.33   4.73   3.61   2.44
 27     2.76   1.70   3.51   9.17   9.27   7.47   22.6   17.6   6.20   4.68   3.56   2.44
 28     2.76   1.70   2.71   9.79   13.6   7.93   19.0   15.8   6.20   4.68   3.56   2.44
 29     2.76          1.64   6.13   10.1   10.2   16.2   14.7   8.96   4.68   3.56   2.33
 30     2.76          1.35   7.08   5.40   9.24   12.7   18.6   8.03   4.57   3.45   2.28
 31     2.76          1.32          6.97          13.6   15.1          4.52          2.28

Min     2.76   1.70   1.22   1.22   3.24   4.79   6.47   8.59   6.20   4.52   3.45   2.28   1.22
Mean    3.23   2.14   1.56   3.87   7.89   11.1   15.5   16.0   9.82   5.45   4.02   2.86   6.95
Max     3.72   2.60   3.51   9.79   31.8   22.6   41.8   30.2   30.8   7.28   4.52   3.40   41.8

