Station number: 602.5
Location:       Pipletar                                                          Latitude: 27 17 45
River:          Hinwa Khola                                                      Longitude: 87 13 30

Year:           1985

                                    Mean daily discharge in m3/s
                                    ============================

Day     Jan.   Feb.   Mar.   Apr.   May    Jun.   Jul.   Aug.   Sep.   Oct.   Nov.   Dec.   Year
 01     1.69   1.23   1.09   0.86   0.98   5.71   8.30   20.4   13.5   11.6   5.89   3.94
 02     1.66   1.23   1.09   0.77   3.35   5.27   7.19   14.5   12.8   10.9   5.74   3.76
 03     1.66   1.23   1.09   0.77   2.73   6.57   10.9   13.8   14.8   9.90   5.74   3.76
 04     1.66   1.38   1.21   0.83   1.32   4.78   13.8   40.8   17.9   9.90   5.74   3.76
 05     1.66   1.40   1.23   0.77   1.15   5.22   14.0   39.8   18.4   9.82   5.89   3.64
 06     1.66   1.40   1.23   0.77   1.15   3.66   9.90   38.6   16.8   9.42   5.89   3.58
 07     1.66   1.43   1.15   0.75   1.13   2.98   10.9   37.2   15.4   9.42   5.89   3.40
 08     1.58   1.63   1.15   1.31   1.02   2.61   9.10   32.6   14.9   9.42   5.89   3.40
 09     1.58   1.83   1.02   0.86   0.98   2.61   10.6   26.2   14.1   9.26   5.97   3.31
 10     1.58   1.52   1.02   0.83   1.04   2.56   10.2   19.6   13.2   9.18   8.70   3.26
 11     1.58   1.43   1.02   0.77   1.99   2.56   12.2   18.3   12.2   9.18   7.35   3.26
 12     1.49   1.40   1.02   0.77   2.60   2.33   16.9   16.2   13.5   8.86   8.38   3.17
 13     1.49   1.40   1.02   0.75   4.66   2.51   18.9   13.0   12.2   8.22   7.27   3.07
 14     1.49   1.32   0.98   0.71   3.43   6.23   32.0   22.0   11.9   7.27   6.27   2.98
 15     1.49   1.23   0.96   0.67   2.28   8.22   17.5   26.6   10.3   7.35   5.51   2.98
 16     1.49   1.23   0.96   0.67   1.65   6.12   27.8   13.6   9.90   7.74   5.35   2.98
 17     1.43   1.23   0.90   0.67   1.63   8.07   34.4   13.7   12.2   12.8   5.20   2.98
 18     1.40   1.23   0.90   0.67   4.85   8.33   21.0   12.3   9.90   12.5   5.08   2.98
 19     1.40   1.23   0.90   3.09   4.00   6.23   19.2   13.1   10.9   9.90   4.90   2.89
 20     1.40   1.23   0.83   1.46   2.56   7.04   22.0   12.1   11.6   9.50   4.84   2.84
 21     1.40   1.18   0.83   1.40   10.2   7.90   25.2   12.2   12.8   8.62   4.72   2.84
 22     1.40   1.15   0.83   2.98   8.06   5.17   24.8   12.2   12.6   8.30   4.66   2.75
 23     1.40   1.15   0.83   1.40   2.19   5.19   29.2   12.5   13.3   8.06   4.66   2.70
 24     1.40   1.15   0.83   1.02   2.93   8.38   30.6   21.7   12.8   7.98   4.54   2.70
 25     1.40   1.09   0.90   0.88   2.23   9.97   37.4   18.4   12.5   7.58   4.48   2.56
 26     1.32   1.09   1.09   0.83   2.23   9.58   29.4   15.0   12.6   7.04   4.48   2.56
 27     1.32   1.09   1.18   1.46   1.74   9.21   26.4   14.5   12.5   6.66   4.30   6.20
 28     1.32   1.09   2.46   1.09   2.11   9.50   23.0   12.8   12.7   6.58   4.18   5.22
 29     1.32          2.23   0.92   7.84   9.42   25.2   12.6   12.4   6.35   4.06   3.75
 30     1.32          1.38   1.19   6.66   7.90   20.1   12.8   12.1   6.20   3.94   3.12
 31     1.26          1.00          4.42          19.8   14.0          5.97          3.03

Min     1.26   1.09   0.83   0.67   0.98   2.33   7.19   12.1   9.90   5.97   3.94   2.56   0.67
Mean    1.48   1.29   1.11   1.06   3.07   6.06   19.9   19.5   13.1   8.76   5.52   3.33   7.01
Max     1.69   1.83   2.46   3.09   10.2   9.97   37.4   40.8   18.4   12.8   8.70   6.20   40.8

