Station number: 602.5
Location:       Pipletar                                                          Latitude: 27 17 45
River:          Hinwa Khola                                                      Longitude: 87 13 30

Year:           1999

                                    Mean daily discharge in m3/s
                                    ============================

Day     Jan.   Feb.   Mar.   Apr.   May    Jun.   Jul.   Aug.   Sep.   Oct.   Nov.   Dec.   Year
 01     2.28   2.14   1.70   1.08   2.98   10.5   10.8   11.7   13.8   14.0   8.12   5.00
 02     2.28   2.19   1.70   1.08   2.28   9.92   21.8   10.8   13.3   14.8   7.84   4.84
 03     2.28   2.28   1.70   1.08   2.09   9.43   18.4   10.3   13.3   13.6   7.84   4.73
 04     2.14   2.05   1.62   1.03   2.12   9.15   18.6   9.71   12.7   13.2   7.56   4.68
 05     2.14   2.05   1.62   1.03   2.56   8.77   16.5   9.71   12.4   12.2   10.8   4.68
 06     2.14   2.14   1.55   1.03   2.05   8.59   19.8   10.0   12.9   12.1   11.1   4.68
 07     2.14   2.05   1.55   1.03   1.95   8.40   29.4   10.0   13.3   11.4   10.4   4.57
 08     2.14   2.00   1.48   1.03   1.58   8.40   19.4   9.80   12.9   11.5   10.0   4.52
 09     2.14   2.00   1.48  0.975   1.48   8.12   16.9   9.43   12.3   11.1   9.71   4.52
 10     2.70   2.00   1.48  0.975   1.33   7.93   16.8   9.43   11.5   10.8   9.24   4.36
 11     2.84   2.05   1.40  0.975   1.28   7.93   15.2   9.43   12.9   10.6   9.15   4.36
 12     2.79   2.00   1.40  0.975   1.23   7.65   14.8   14.4   14.8   10.3   8.96   4.20
 13     2.61   2.00   1.40  0.975   1.55   7.56   14.2   14.4   14.1   10.2   8.68   4.20
 14     2.65   2.00   1.40   5.73   1.27   7.84   14.1   13.3   14.5   9.80   8.49   4.09
 15     2.70   2.00   1.25   3.12   6.07   7.47   14.2   12.3   12.9   9.61   8.40   3.88
 16     2.70   2.00   1.25   1.88   5.80   7.28   20.6   11.1   12.3   9.61   8.40   3.72
 17     2.79   1.92   1.25   1.60   5.47   6.80   16.6   16.4   11.5   9.80   7.56   3.61
 18     2.70   1.92   1.25   1.26   5.27   17.4   15.4   16.3   10.8   9.52   7.56   3.56
 19     2.70   1.92   2.90   1.20   5.87   14.2   14.4   17.8   10.5   12.2   7.28   3.56
 20     2.75   1.92   1.25   1.08   6.40   15.2   13.6   19.6   10.0   13.3   6.73   3.40
 21     2.70   1.85   1.14   1.12   6.40   14.2   13.9   18.4   9.80   11.8   6.40   3.40
 22     2.84   1.85   1.14  0.975   5.93   14.6   13.4   17.4   9.43   11.5   6.13   3.26
 23     2.70   1.85   1.14  0.993   9.73   13.3   13.4   15.2   9.15   10.6   5.93   3.12
 24     2.70   1.85   1.14   1.08   9.52   13.9   13.6   15.6   8.96   9.92   5.80   3.07
 25     2.56   1.85   1.08  0.957   8.96   12.3   13.5   26.4   8.87   9.43   5.60   2.98
 26     2.56   1.78   1.14   1.08   8.59   11.8   13.3   15.6   8.68   9.15   5.40   2.84
 27     2.47   1.78   1.14  0.975   22.6   10.2   13.5   14.2   8.59   8.87   5.20   2.79
 28     2.47   1.70   1.08   1.10   26.4   12.4   13.0   14.0   8.40   8.68   5.00   2.70
 29     2.33          1.08   2.55   12.6   11.0   12.2   15.2   9.52   8.31   5.00   2.70
 30     2.28          1.08   2.56   11.0   11.0   12.1   23.2   11.6   8.12   5.00   2.56
 31     2.23          1.08          11.2          11.2   15.4          8.12          2.56

Min     2.14   1.70   1.08  0.957   1.23   6.80   10.8   9.43   8.40   8.12   5.00   2.56  0.957
Mean    2.50   1.97   1.38   1.42   6.24   10.4   15.6   14.1   11.5   10.8   7.65   3.78   7.28
Max     2.84   2.28   2.90   5.73   26.4   17.4   29.4   26.4   14.8   14.8   11.1   5.00   29.4

