Station number: 602.5
Location:       Pipletar                                                          Latitude: 27 17 45
River:          Hinwa Khola                                                      Longitude: 87 13 30

Year:           1976

                                    Mean daily discharge in m3/s
                                    ============================

Day     Jan.   Feb.   Mar.   Apr.   May    Jun.   Jul.   Aug.   Sep.   Oct.   Nov.   Dec.   Year
 01     2.00   1.66   1.23   0.90   11.7   8.94   36.2   17.2   21.8   12.2   8.70   7.04
 02     2.00   1.66   1.23   0.90   4.48   14.2   18.4   16.8   23.0   13.2   8.46   7.04
 03     2.00   1.66   1.23   0.90   4.12   8.46   20.0   16.4   24.2   12.8   8.46   6.81
 04     2.00   1.66   1.23   0.83   3.94   10.4   29.0   18.4   23.6   12.8   8.46   6.81
 05     1.91   1.91   1.23   0.83   3.58   11.2   26.6   19.2   23.6   12.8   8.46   6.81
 06     1.91   1.91   1.23   0.83   3.26   15.3   32.6   21.2   23.0   12.5   8.46   6.81
 07     1.91   1.74   1.23   0.83   2.84   13.5   24.8   20.0   23.0   12.2   8.22   6.58
 08     1.91   1.66   1.23   0.83   2.70   13.5   21.2   17.6   21.8   12.2   8.22   6.58
 09     1.91   1.66   1.15   0.83   4.48   16.0   20.6   21.8   20.6   12.2   8.70   6.35
 10     1.83   1.66   1.15   0.83   3.40   42.2   33.8   18.8   19.6   12.2   8.70   6.35
 11     1.83   1.66   1.15   0.83   4.48   26.0   22.4   45.2   18.4   11.7   8.46   6.35
 12     1.83   1.83   1.15   0.83   11.2   27.8   24.2   39.2   18.0   10.9   8.22   6.35
 13     1.83   1.66   1.09   0.83   11.5   26.6   23.0   23.6   24.2   10.4   7.98   6.35
 14     1.83   1.66   1.09   0.83   3.12   23.6   18.8   26.0   22.4   10.4   7.98   6.12
 15     1.83   1.66   1.09   0.83   4.84   24.8   24.8   24.2   20.6   10.4   7.74   6.12
 16     1.83   1.66   1.09   0.83   7.27   20.6   27.2   21.8   18.8   10.4   7.74   5.89
 17     1.83   1.58   1.09   0.83   6.58   17.2   26.6   28.4   15.6   10.4   7.50   5.89
 18     1.91   1.58   1.09   0.83   6.35   14.9   21.2   29.0   14.6   9.90   7.50   5.89
 19     1.91   1.58   1.09   0.83   5.66   11.7   23.0   24.2   13.9   9.66   7.50   5.89
 20     1.91   1.49   1.09   0.83   9.18   9.90   21.8   27.2   13.9   9.66   7.50   5.89
 21     1.83   1.49   1.09   1.40   6.81   9.42   18.8   24.8   13.5   9.42   7.50   5.66
 22     1.83   1.40   1.09   1.83   5.43   8.70   21.8   25.4   13.5   9.42   7.27   5.66
 23     1.83   1.40   1.02   1.09   8.22   8.46   18.8   30.2   13.2   9.42   7.27   5.66
 24     1.83   1.32   1.02   1.02   5.89   14.9   20.0   23.6   13.2   9.18   7.27   5.66
 25     1.74   1.32   1.02   1.15   4.84   12.5   20.0   22.4   12.8   9.66   7.27   5.43
 26     1.74   1.32   1.02   1.58   4.12   13.5   20.6   21.8   12.8   9.18   7.27   5.43
 27     1.74   1.32   1.02   4.12   9.42   18.0   20.0   21.8   13.9   8.94   7.27   5.20
 28     1.74   1.32   0.96   1.15   11.7   17.2   18.0   20.6   13.2   8.94   7.04   5.20
 29     1.66   1.23   0.96   5.66   12.0   16.4   17.2   25.4   12.8   8.94   7.04   5.20
 30     1.66          0.96   8.70   9.90   19.6   17.2   23.6   12.5   8.70   7.04   5.20
 31     1.66          0.96          7.98          18.8   23.0          8.70          5.20

Min     1.66   1.23   0.96   0.83   2.70   8.46   17.2   16.4   12.5   8.70   7.04   5.20   0.83
Mean    1.84   1.57   1.11   1.49   6.48   16.5   22.8   23.8   17.9   10.6   7.84   6.05   9.84
Max     2.00   1.91   1.23   8.70   12.0   42.2   36.2   45.2   24.2   13.2   8.70   7.04   45.2

