Station number: 602.5
Location:       Pipletar                                                          Latitude: 27 17 45
River:          Hinwa Khola                                                      Longitude: 87 13 30

Year:           1988

                                    Mean daily discharge in m3/s
                                    ============================

Day     Jan.   Feb.   Mar.   Apr.   May    Jun.   Jul.   Aug.   Sep.   Oct.   Nov.   Dec.   Year
 01     1.96   1.35   1.03   0.81   1.13   2.76   3.08   15.3   17.2   11.7   5.00   3.12
 02     1.96   1.32   1.03   0.84   1.10   2.12   10.9   15.6   17.0   11.1   4.89   3.12
 03     1.80   1.32   1.03   0.81   1.03   1.70   10.8   15.1   17.0   9.92   4.84   3.03
 04     1.80   1.32   1.03   0.78   1.03   1.54   5.53   14.6   17.8   17.6   4.79   2.98
 05     1.80   1.32   0.97   0.74   1.03   6.39   8.71   14.8   17.3   12.7   4.68   2.98
 06     1.80   1.32   1.54   0.71   1.03   2.71   6.47   17.3   22.4   11.8   4.57   2.84
 07     1.80   1.26   2.05   0.71   0.97   2.49   5.03   15.8   18.5   11.6   4.52   2.84
 08     2.49   1.22   1.42   0.69   2.92   2.23   5.27   14.1   17.1   11.6   4.36   2.84
 09     2.07   1.22   2.17   0.67   4.39   2.12   10.9   13.6   15.9   11.4   4.36   2.75
 10     1.91   1.22   2.28   0.67   1.85   3.24   5.93   13.8   15.6   11.2   4.31   2.65
 11     1.80   1.22   2.28   0.69   1.74   2.12   4.97   14.7   15.2   11.1   4.20   2.56
 12     1.80   1.22   3.77   0.70   1.74   2.01   4.25   14.4   15.0   10.8   4.20   2.47
 13     1.70   1.22   3.13   0.67   3.03   1.96   4.09   19.0   14.6   10.0   4.09   2.37
 14     1.67   1.22   2.55   0.71   1.48   1.96   3.93   17.5   13.8   9.33   4.04   2.28
 15     1.61   1.22   1.77   0.71   1.42   2.26   7.33   54.1   12.7   8.40   4.04   2.28
 16     1.61   1.22   1.64   0.71   1.38   1.46   11.4   44.7   12.7   7.65   4.04   2.28
 17     1.61   1.32   1.51   0.74   1.32   1.13   10.5   40.1   11.5   7.00   3.93   2.28
 18     1.61   1.22   1.51   0.71   4.49   1.03   12.0   38.7   10.5   7.00   3.88   2.23
 19     1.61   1.13   1.42   0.73   2.92   0.97   12.7   36.8   10.6   6.93   3.88   2.14
 20     1.61   1.06   1.74   0.83   2.44   0.83   12.1   33.6   10.6   6.80   3.72   2.14
 21     1.61   1.03   1.54   0.84   2.44   1.35   12.9   32.8   10.5   6.60   3.67   2.14
 22     1.61   1.16   1.42   1.13   2.44   1.32   13.0   31.8   10.5   6.33   3.56   2.14
 23     1.58   1.19   1.32   2.65   2.23   1.29   16.0   32.0   10.3   6.07   3.45   2.14
 24     1.51   1.13   1.22   1.26   1.96   3.08   15.6   25.6   12.4   5.87   3.40   2.14
 25     1.51   1.06   1.22   1.22   1.80   1.73   16.3   21.7   11.7   5.33   3.31   2.14
 26     1.51   1.03   1.16   1.22   1.96   1.45   15.8   22.1   11.5   5.20   3.26   2.51
 27     1.51   1.03   1.13   1.26   1.96   1.82   16.6   20.3   11.4   5.20   3.26   4.41
 28     1.51   1.03   1.06   1.19   2.07   2.92   20.2   19.7   13.6   5.20   3.26   2.42
 29     1.42   1.03   1.00   1.13   4.36   2.49   16.8   19.3   11.6   5.20   3.17   2.42
 30     1.42          0.94   1.13   3.29   2.44   16.3   18.7   11.8   5.20   3.12   2.42
 31     1.42          0.90          2.76          16.3   17.8          5.07          2.33

Min     1.42   1.03   0.90   0.67   0.97   0.83   3.08   13.6   10.3   5.07   3.12   2.14   0.67
Mean    1.70   1.19   1.57   0.92   2.12   2.10   10.7   23.4   13.9   8.61   3.99   2.56   6.07
Max     2.49   1.35   3.77   2.65   4.49   6.39   20.2   54.1   22.4   17.6   5.00   4.41   54.1

