Station number: 602.5
Location:       Pipletar                                                          Latitude: 27 17 45
River:          Hinwa Khola                                                      Longitude: 87 13 30

Year:           1975

                                    Mean daily discharge in m3/s
                                    ============================

Day     Jan.   Feb.   Mar.   Apr.   May    Jun.   Jul.   Aug.   Sep.   Oct.   Nov.   Dec.   Year
 01     1.89   1.58   1.05   0.72   1.68   1.15   12.8   21.2   19.6   14.2   5.20   3.12
 02     3.00   1.47   1.05   0.72   1.89   2.60   10.9   18.8   14.2   12.8   5.20   3.12
 03     2.20   1.47   1.05   0.72   1.68   2.00   12.5   19.2   15.3   13.2   5.20   2.98
 04     2.20   1.47   0.94   0.72   1.68   3.20   11.5   16.4   14.2   13.9   5.20   2.98
 05     2.20   1.47   0.94   0.72   1.47   1.89   11.7   15.3   20.6   20.0   5.20   2.84
 06     2.20   1.47   0.94   0.72   1.79   3.00   13.2   25.4   15.3   16.0   5.20   2.84
 07     2.20   1.47   0.89   0.67   2.80   10.0   12.5   18.0   14.2   14.9   5.02   2.84
 08     2.00   1.47   0.89   0.89   2.20   8.00   15.6   17.6   15.3   14.9   5.02   2.84
 09     2.00   1.47   0.89   0.83   2.00   3.40   12.8   15.6   13.5   13.5   4.84   2.84
 10     2.00   1.47   0.83   0.83   2.40   3.40   13.9   14.6   13.5   14.6   4.84   2.84
 11     2.00   1.47   0.83   0.78   2.00   3.20   18.0   16.4   15.6   14.6   4.66   2.84
 12     1.89   1.47   0.83   0.78   3.00   2.40   16.0   16.8   15.6   12.5   4.66   2.84
 13     1.79   1.47   0.83   0.78   2.00   34.4   21.8   13.2   17.2   13.2   4.48   2.84
 14     1.79   1.47   0.83   0.72   3.00   56.4   22.4   13.2   28.4   11.7   4.30   2.84
 15     1.79   1.68   0.83   0.72   1.58   21.8   23.0   12.8   23.6   9.90   4.30   2.70
 16     1.68   1.68   0.83   0.72   1.26   14.6   18.0   12.8   21.2   10.2   4.30   2.70
 17     1.68   1.36   0.78   0.78   1.68   7.74   17.6   12.5   21.8   9.18   4.12   2.70
 18     1.68   1.26   0.78   0.78   2.00   9.66   18.0   12.2   19.2   13.5   4.12   2.70
 19     1.68   1.26   0.78   0.78   1.47   14.2   16.0   12.2   42.2   9.42   4.12   2.56
 20     1.58   1.26   0.72   1.58   1.26   9.90   19.6   11.5   21.2   8.46   3.94   2.42
 21     1.58   1.26   0.72   0.83   1.36   9.90   18.4   11.5   18.8   8.22   3.94   2.28
 22     1.68   1.26   0.72   1.89   1.36   10.2   20.6   12.8   16.0   7.74   3.76   2.28
 23     1.68   1.26   0.72   1.58   1.79   7.98   19.2   14.6   14.9   7.27   3.76   2.28
 24     1.68   1.15   0.72   1.05   1.26   9.42   17.6   21.2   13.2   7.27   3.58   2.28
 25     1.68   1.15   0.83   2.60   1.15   11.2   18.8   14.9   13.5   6.81   3.58   2.28
 26     1.68   1.05   0.83   1.58   1.58   13.5   41.0   13.9   14.2   6.81   3.40   2.14
 27     1.58   1.05   0.83   1.26   1.47   24.2   39.2   13.2   34.4   6.58   3.40   2.14
 28     1.58   1.05   0.78   1.05   1.15   18.8   21.8   12.2   14.6   6.35   3.26   2.14
 29     1.58          0.78   1.68   1.05   14.6   23.0   11.7   12.8   6.35   3.26   2.14
 30     1.58          0.78   1.68   1.36   12.5   26.6   11.7   13.9   5.66   3.26   2.00
 31     1.58          0.78          1.26          21.2   12.0          5.43          2.00

Min     1.58   1.05   0.72   0.67   1.05   1.15   10.9   11.5   12.8   5.43   3.26   2.00   0.67
Mean    1.85   1.37   0.84   1.04   1.73   11.5   18.9   15.0   18.3   10.8   4.30   2.59   7.35
Max     3.00   1.68   1.05   2.60   3.00   56.4   41.0   25.4   42.2   20.0   5.20   3.12   56.4

