Station number: 602.5
Location:       Pipletar                                                          Latitude: 27 17 45
River:          Hinwa Khola                                                      Longitude: 87 13 30

Year:           1986

                                    Mean daily discharge in m3/s
                                    ============================

Day     Jan.   Feb.   Mar.   Apr.   May    Jun.   Jul.   Aug.   Sep.   Oct.   Nov.   Dec.   Year
 01     2.98   1.74   1.23   0.90   2.47   10.9   8.94   14.2   14.4   12.2   5.81   3.35
 02     2.84   1.69   1.23   0.86   2.02   2.84   8.78   15.5   13.3   14.4   5.58   3.26
 03     2.70   1.66   1.57   0.83   2.09   2.89   8.22   15.3   14.0   12.7   5.20   3.21
 04     2.70   1.66   1.40   0.83   2.47   1.91   7.82   13.9   14.8   11.2   5.20   3.12
 05     2.70   1.66   1.40   0.88   1.99   1.74   9.66   13.6   12.6   11.1   5.02   3.12
 06     2.65   1.66   1.40   1.18   1.63   10.1   10.2   12.2   12.0   10.9   4.96   3.03
 07     2.56   1.66   1.38   1.46   1.49   5.02   10.7   11.9   11.5   10.8   4.84   2.89
 08     2.51   1.66   1.40   1.13   1.43   5.51   9.42   11.8   12.2   9.90   4.72   2.84
 09     2.42   1.60   1.40   1.04   1.43   6.05   9.18   11.5   12.5   9.82   4.66   2.84
 10     2.42   1.58   1.69   1.60   1.52   5.37   10.2   11.5   14.0   9.66   4.66   2.84
 11     2.33   1.58   1.43   1.32   1.86   5.43   9.58   11.1   14.6   9.90   4.54   2.70
 12     2.28   1.58   1.40   1.35   2.65   19.2   9.74   10.6   17.1   10.8   4.48   2.70
 13     2.28   1.58   1.40   1.58   1.91   7.67   22.7   9.90   16.3   9.90   4.48   2.70
 14     2.28   1.58   1.40   1.29   2.22   4.78   11.5   9.58   16.9   9.74   4.48   2.70
 15     2.28   1.66   1.40   1.15   1.66   4.24   13.7   9.90   17.1   9.50   4.48   2.56
 16     2.28   1.58   1.32   1.11   1.86   4.30   15.2   11.1   16.3   9.26   4.42   2.56
 17     2.28   1.58   1.29   1.09   2.51   4.42   11.0   12.2   15.4   9.02   4.30   2.56
 18     2.19   1.49   1.23   1.18   3.31   6.89   11.0   12.1   13.7   8.78   4.30   2.65
 19     2.14   1.49   1.23   1.15   2.93   12.1   10.8   12.2   12.2   8.30   4.18   2.65
 20     2.05   1.49   1.21   1.29   2.84   9.74   12.1   11.7   11.5   7.58   4.12   2.56
 21     2.00   1.43   1.15   1.55   2.75   9.42   12.6   12.4   11.7   7.27   4.12   2.56
 22     1.91   1.40   1.15   1.40   2.70   8.30   12.2   12.7   11.1   7.12   4.00   2.56
 23     1.91   1.32   1.15   1.35   2.65   7.90   12.2   13.3   12.1   6.81   3.94   2.56
 24     1.91   1.32   1.15   1.40   2.42   31.5   12.6   12.0   11.8   6.81   3.88   2.47
 25     1.91   1.32   1.15   2.77   1.96   8.86   13.1   12.5   12.1   6.81   3.76   2.42
 26     1.83   1.32   1.15   2.02   1.58   8.78   13.9   16.8   11.8   6.66   3.64   2.42
 27     1.83   1.32   1.09   1.72   1.49   8.94   12.3   15.1   11.6   6.58   3.58   2.42
 28     1.80   1.32   1.09   1.46   2.70   7.90   11.6   15.1   11.4   6.43   3.40   2.42
 29     1.74          1.04   1.43   1.58   18.6   11.2   14.4   11.3   6.35   3.40   2.37
 30     1.74          1.02   2.65   2.06   9.42   12.4   12.7   11.5   6.12   3.40   2.28
 31     1.74          0.96          1.83          13.0   12.1          5.97          2.28

Min     1.74   1.32   0.96   0.83   1.43   1.74   7.82   9.58   11.1   5.97   3.40   2.28   0.83
Mean    2.23   1.53   1.27   1.37   2.13   8.36   11.5   12.6   13.3   8.98   4.39   2.70   5.87
Max     2.98   1.74   1.69   2.77   3.31   31.5   22.7   16.8   17.1   14.4   5.81   3.35   31.5

