Station number: 602.5
Location:       Pipletar                                                          Latitude: 27 17 45
River:          Hinwa Khola                                                      Longitude: 87 13 30

Year:           1990

                                    Mean daily discharge in m3/s
                                    ============================

Day     Jan.   Feb.   Mar.   Apr.   May    Jun.   Jul.   Aug.   Sep.   Oct.   Nov.   Dec.   Year
 01     NA     1.75   1.89   1.55   3.00   16.2   14.5   17.1   13.2   10.9   6.60   2.79
 02     NA     1.68   1.82   1.42   3.00   14.7   14.4   16.2   13.2   10.9   6.60   2.70
 03     NA     1.65   1.75   1.42   3.00   13.9   14.1   15.9   13.2   10.6   6.40   2.70
 04     NA     1.65   1.72   1.86   3.15   13.2   13.8   19.8   13.0   10.4   6.27   2.61
 05     NA     1.65   1.65   1.79   3.15   11.6   13.8   19.2   13.3   10.4   6.07   2.56
 06     NA     1.65   2.39   1.75   3.30   9.61   13.5   18.8   13.2   10.4   5.80   2.56
 07     NA     1.72   2.07   4.51   3.20   9.24   13.5   18.3   13.5   10.0   5.67   2.56
 08     NA     1.75   2.00   2.42   3.15   9.92   13.8   17.3   13.3   9.80   5.33   2.47
 09     NA     1.75   1.96   2.21   3.15   11.1   14.4   16.9   12.8   9.80   4.96   2.42
 10     NA     1.86   1.96   2.00   3.60   10.6   15.6   16.3   30.0   9.71   4.47   2.42
 11     NA     1.86   1.96   1.93   3.70   14.7   17.2   15.8   11.0   9.52   4.31   2.28
 12     NA     1.86   1.96   1.86   3.75   13.6   16.4   15.9   11.7   9.52   4.09   2.28
 13     NA     1.86   1.93   1.79   3.90   11.7   15.0   15.6   11.5   9.33   4.04   2.19
 14     1.96   2.10   1.86   1.75   3.80   11.0   13.6   15.3   10.2   8.96   4.04   2.14
 15     1.96   2.07   1.86   1.75   4.20   9.24   13.4   14.6   9.80   8.87   3.93   2.14
 16     1.96   2.07   1.86   1.75   4.56   7.84   13.4   14.5   9.61   8.68   3.88   2.05
 17     1.89   2.07   1.79   1.75   8.90   7.00   13.2   14.5   9.61   8.12   3.88   2.00
 18     1.86   2.03   1.75   1.75   14.4   7.00   13.0   14.2   9.61   7.84   3.83   2.00
 19     1.86   1.96   1.75   1.82   8.50   7.00   14.0   14.0   10.0   7.84   3.72   1.98
 20     1.86   1.96   1.86   1.82   7.80   7.00   13.8   13.9   9.92   7.65   3.61   1.92
 21     1.86   1.96   2.86   1.86   8.40   9.61   14.2   13.8   11.5   7.56   3.56   1.92
 22     1.86   1.96   2.25   1.79   6.60   10.2   13.8   14.4   11.0   7.56   3.51   1.92
 23     1.86   2.00   2.17   1.75   5.07   18.1   13.4   13.9   10.3   7.56   3.35   1.92
 24     1.86   2.10   2.17   1.86   3.70   15.3   14.4   13.6   10.0   7.56   3.17   1.92
 25     1.86   2.14   2.10   3.71   3.65   15.2   14.0   13.4   12.7   7.56   3.12   1.88
 26     1.86   2.00   2.07   2.95   3.65   15.2   14.1   14.2   12.0   7.37   3.03   1.85
 27     1.82   1.96   2.03   3.10   3.85   15.0   14.4   14.2   11.7   7.00   2.98   1.85
 28     1.75   1.96   1.96   3.00   14.3   14.8   14.0   14.2   11.4   7.00   2.98   1.85
 29     1.75          1.86   3.20   8.87   14.7   14.6   14.0   11.1   7.00   2.84   1.85
 30     1.75          1.79   3.05   8.03   14.5   14.4   13.8   11.1   6.80   2.84   1.85
 31     1.75          1.72          8.03          14.5   13.4          6.80          1.92

Min     NA     1.65   1.65   1.42   3.00   7.00   13.0   13.4   9.61   6.80   2.84   1.85   NA  
Mean    NA     1.89   1.96   2.17   5.46   12.0   14.2   15.4   12.1   8.68   4.30   2.18   NA  
Max     NA     2.14   2.86   4.51   14.4   18.1   17.2   19.8   30.0   10.9   6.60   2.79   NA  

