Station number: 602.5
Location:       Pipletar                                                          Latitude: 27 17 45
River:          Hinwa Khola                                                      Longitude: 87 13 30

Year:           1974

                                    Mean daily discharge in m3/s
                                    ============================

Day     Jan.   Feb.   Mar.   Apr.   May    Jun.   Jul.   Aug.   Sep.   Oct.   Nov.   Dec.   Year
 01     3.20   2.20   1.68   1.79   2.40   12.0   29.6   38.0   25.4   17.0   10.8   3.80
 02     3.20   2.40   1.79   3.60   2.80   7.20   32.6   38.6   28.4   16.5   10.4   3.60
 03     3.00   2.20   1.68   6.40   6.80   5.60   28.4   36.2   27.2   15.5   10.4   3.60
 04     3.00   2.20   1.79   2.40   6.80   9.60   27.2   41.7   25.4   15.5   10.0   3.40
 05     3.00   2.00   1.79   1.89   17.0   7.20   27.8   40.4   29.0   18.2   9.60   3.40
 06     3.00   2.00   1.79   2.20   5.20   8.00   32.6   41.0   27.2   17.6   9.20   3.40
 07     3.00   2.00   1.68   1.89   3.80   8.00   27.8   38.6   24.8   17.6   9.20   3.20
 08     3.00   2.00   1.68   1.79   4.00   8.00   26.0   38.6   24.8   17.0   8.80   3.20
 09     2.80   2.00   1.68   2.00   3.40   9.20   21.2   36.8   24.2   16.5   8.00   3.20
 10     3.00   2.00   1.68   1.79   3.60   7.60   19.4   32.6   21.8   16.5   7.60   3.20
 11     3.00   2.00   1.68   1.79   3.80   5.60   18.8   30.2   18.8   16.5   7.20   3.00
 12     2.80   2.00   1.68   1.79   8.80   5.20   20.0   26.6   17.6   20.0   7.20   3.00
 13     2.80   2.00   1.58   1.79   25.4   4.40   30.2   27.8   18.2   20.0   6.80   2.80
 14     2.80   2.00   1.58   1.79   6.40   21.2   27.2   27.2   22.4   20.0   6.40   2.80
 15     3.60   2.00   1.58   1.79   4.80   8.40   26.0   25.4   27.2   19.4   6.40   2.80
 16     3.40   2.00   1.58   1.68   7.60   7.20   37.4   22.4   39.2   18.2   6.40   2.80
 17     3.40   1.89   1.58   1.68   6.00   9.60   35.0   27.2   39.2   24.8   6.00   2.80
 18     3.20   1.89   1.47   4.40   3.80   7.20   38.6   24.8   36.2   19.4   6.00   2.80
 19     3.20   1.89   1.47   2.20   5.20   6.80   42.4   23.6   27.2   18.2   6.00   2.80
 20     2.80   1.89   1.47   1.79   4.00   17.6   39.2   27.2   28.4   23.6   5.60   2.60
 21     2.80   1.89   1.47   1.68   6.40   18.2   33.2   25.4   26.0   19.4   5.20   2.60
 22     2.60   1.89   1.47   2.00   4.40   15.5   39.2   24.8   23.0   17.6   5.20   2.60
 23     2.80   1.89   1.47   1.89   3.40   20.0   39.2   33.2   21.2   16.5   4.80   2.40
 24     2.80   1.79   1.47   3.40   2.60   16.5   43.1   24.8   20.0   16.0   4.80   2.20
 25     2.60   1.79   1.47   2.80   1.89   15.0   49.4   22.4   19.4   15.0   4.40   2.20
 26     2.60   1.68   1.68   2.20   1.36   11.6   55.7   21.8   18.8   14.0   4.40   2.20
 27     2.60   1.68   1.58   2.20   1.26   11.2   38.0   33.2   20.0   14.0   4.00   2.00
 28     2.60   1.68   1.68   2.00   1.26   10.0   36.8   28.4   18.8   12.5   4.00   2.00
 29     2.60          1.58   3.40   1.15   9.60   36.8   29.6   18.2   11.6   3.80   1.89
 30     2.40          2.40   3.40   2.80   21.2   35.6   53.6   17.6   11.6   3.80   1.89
 31     2.40          1.58          5.20          42.4   27.2          10.8          1.89

Min     2.40   1.68   1.47   1.68   1.15   4.40   18.8   21.8   17.6   10.8   3.80   1.89   1.15
Mean    2.90   1.96   1.64   2.38   5.27   10.8   33.4   31.3   24.5   17.0   6.75   2.78   11.7
Max     3.60   2.40   2.40   6.40   25.4   21.2   55.7   53.6   39.2   24.8   10.8   3.80   55.7

