Station number: 602.5
Location:       Pipletar                                                          Latitude: 27 17 45
River:          Hinwa Khola                                                      Longitude: 87 13 30

Year:           1987

                                    Mean daily discharge in m3/s
                                    ============================

Day     Jan.   Feb.   Mar.   Apr.   May    Jun.   Jul.   Aug.   Sep.   Oct.   Nov.   Dec.   Year
 01     2.28   1.49   1.15   1.72   2.33   3.43   7.20   11.1   27.6   16.2   7.00   3.72
 02     2.23   1.46   1.15   1.60   3.35   2.70   6.50   10.6   29.8   16.9   7.00   3.61
 03     2.14   1.40   1.11   1.55   3.47   2.89   3.56   11.1   15.3   16.2   6.93   3.56
 04     2.00   1.40   1.09   1.49   2.56   3.41   5.01   10.3   15.2   14.2   6.80   3.40
 05     1.94   1.40   1.09   1.43   1.74   1.46   6.80   9.61   11.4   12.9   6.53   3.35
 06     1.91   1.40   1.04   1.24   1.74   1.46   6.93   9.76   17.6   12.2   6.33   3.24
 07     1.91   1.40   1.02   1.11   1.63   2.76   6.40   11.1   29.2   11.8   6.07   3.24
 08     1.86   1.32   1.02   1.00   2.47   2.61   6.67   12.7   29.0   11.7   5.73   3.13
 09     1.83   1.32   1.15   1.53   2.09   2.03   6.53   14.2   14.8   11.1   5.20   3.08
 10     1.80   1.32   1.18   1.46   1.69   3.96   8.49   18.7   13.4   10.0   5.20   3.08
 11     1.74   1.32   1.15   1.29   1.52   1.89   9.05   30.8   11.8   9.24   5.00   3.03
 12     1.66   1.32   1.15   1.07   1.35   2.05   10.0   24.4   11.2   8.96   5.00   2.92
 13     1.58   1.32   1.15   1.02   1.24   1.77   10.2   23.0   10.5   8.77   4.95   2.92
 14     1.58   1.32   1.15   1.02   1.15   1.66   9.85   20.2   9.73   8.68   4.79   2.92
 15     1.58   1.32   1.15   0.98   1.15   4.48   12.0   21.1   9.61   8.49   4.68   2.92
 16     1.58   1.32   1.21   0.92   1.13   5.20   10.5   15.8   10.2   8.49   4.47   2.92
 17     1.49   1.26   1.18   1.09   1.04   4.78   3.67   14.4   10.1   8.21   4.36   2.81
 18     1.49   1.23   1.15   1.07   1.02   4.42   6.40   14.1   11.7   7.93   4.36   2.76
 19     1.49   1.18   1.23   1.09   1.02   8.38   4.60   10.0   9.24   10.0   4.36   2.76
 20     1.49   1.15   1.35   1.66   0.96   7.04   6.33   9.43   11.0   15.8   4.36   2.65
 21     1.49   1.09   1.40   1.66   0.92   6.73   7.33   9.05   11.4   15.1   4.36   2.60
 22     1.49   1.09   1.49   2.98   0.90   7.35   8.31   8.59   29.2   14.6   4.36   2.55
 23     1.46   1.09   1.49   3.58   1.49   7.58   6.67   7.37   16.6   14.2   4.36   2.44
 24     1.40   1.09   1.49   2.30   1.21   10.7   12.1   14.9   17.1   13.5   4.31   2.44
 25     1.40   1.09   1.43   1.32   1.07   14.1   11.5   10.2   22.3   13.0   4.20   2.33
 26     1.40   1.09   1.40   1.00   1.02   8.78   10.7   8.59   17.5   12.4   4.20   2.28
 27     1.40   1.11   1.63   0.90   0.98   8.22   12.7   11.2   17.4   12.1   4.09   2.28
 28     1.40   1.18   1.49   0.96   2.04   7.19   11.5   9.61   18.8   10.9   3.72   2.28
 29     1.49          1.49   1.09   1.66   6.58   14.0   8.12   19.8   8.77   3.72   2.23
 30     1.49          1.43   2.65   1.86   5.74   14.0   7.47   16.5   7.00   3.72   2.12
 31     1.49          1.63          1.83          12.0   7.47          7.00          1.96

Min     1.40   1.09   1.02   0.90   0.90   1.46   3.56   7.37   9.24   7.00   3.72   1.96   0.90
Mean    1.66   1.27   1.27   1.46   1.60   5.04   8.63   13.1   16.5   11.5   5.01   2.82   5.82
Max     2.28   1.49   1.63   3.58   3.47   14.1   14.0   30.8   29.8   16.9   7.00   3.72   30.8

