Station number: 602.5
Location:       Pipletar                                                          Latitude: 27 17 45
River:          Hinwa Khola                                                      Longitude: 87 13 30

Year:           2005

                                    Mean daily discharge in m3/s
                                    ============================

Day     Jan.   Feb.   Mar.   Apr.   May    Jun.   Jul.   Aug.   Sep.   Oct.   Nov.   Dec.   Year
 01     2.20  0.845  0.509  0.530  0.540   1.40   5.01   17.3   13.9   12.4   9.18   6.66
 02     2.20  0.845  0.509  0.509  0.519   1.54   9.42   16.4   14.7   11.7   9.18   6.58
 03     2.10  0.784  0.509   1.25   2.04   1.32   9.33   15.8   16.8   11.3   9.02   6.35
 04     2.10  0.784  0.478  0.906   1.55   1.14   16.3   15.6   13.4   11.1   8.94   6.35
 05     2.10  0.784  0.478  0.825   2.44   1.09   13.3   15.4   13.0   10.5   8.78   6.20
 06     2.02  0.743  0.499  0.784   1.92   1.03   10.5   15.1   12.3   10.3   8.70   6.12
 07     1.99  0.723  0.540  0.723   2.03  0.987   11.4   14.8   12.0   9.82   8.70   6.04
 08     1.99  0.723  0.509  0.723   1.01   1.03   13.7   14.4   11.6   9.83   8.54   5.89
 09     1.99  0.723  0.509  0.682  0.825   1.68   16.9   13.8   11.3   9.99   8.46   5.89
 10     1.88  0.682  0.621  0.662  0.784   2.60   20.4   13.4   11.8   9.50   8.46   5.89
 11     1.88  0.662  0.519  0.601  0.703   1.96   17.1   13.0   18.4   9.50   8.78   5.81
 12     1.78  0.642  0.509  0.601  0.601   1.34   22.8   13.0   12.6   10.2   8.46   5.66
 13     1.78  0.601  0.519  0.601  0.581   2.13   20.7   13.2   11.8   9.74   8.22   5.43
 14     1.78  0.601  0.509  0.601  0.540   3.40   17.7   12.7   11.5   9.58   8.22   5.43
 15     1.68  0.601  0.478  0.540  0.540   4.35   16.5   12.6   11.1   9.42   7.98   5.43
 16     1.64  0.540  0.478  0.540   1.10   5.72   17.5   12.3   10.9   9.18   7.74   5.28
 17     1.57  0.621  0.530  0.540  0.784   5.87   19.2   12.4   10.9   9.18   7.50   5.20
 18     1.54  0.540  0.499  0.509  0.703   5.87   19.1   12.2   10.7   9.50   7.50   5.08
 19     1.46  0.540  0.478  0.509   2.20   7.30   18.1   12.0   10.6   10.1   7.35   5.02
 20     1.46  0.682  0.478  0.509   2.40   6.73   17.7   11.8   10.4   11.5   7.27   4.84
 21     1.36  0.560  0.662   1.21   2.04   6.96   17.5   11.5   10.4   15.1   7.27   4.84
 22     1.36  0.540  0.530  0.743   1.68   8.45   16.5   11.4   10.2   12.6   7.04   4.72
 23     1.25  0.540  0.509   1.57   1.43   6.73   16.0   13.0   9.90   12.2   7.04   4.60
 24     1.18  0.540  0.488   1.07   1.23   6.39   15.8   12.2   9.74   11.9   7.12   4.48
 25     1.15  0.540  0.478  0.865   1.13   9.71   16.5   11.7   12.2   11.0   6.81   4.48
 26     1.09  0.519  0.478  0.784   1.60   5.75   16.9   11.5   10.2   9.66   6.81   4.30
 27     1.09  0.509  0.621  0.743   1.94   5.38   15.5   11.5   9.90   9.99   6.66   4.24
 28     1.03  0.509  0.540  0.621   1.50   5.49   15.3   11.2   20.3   9.66   6.58   4.12
 29    0.967         0.560  0.662   1.14   4.79   15.0   11.1   15.8   9.58   6.58   4.12
 30    0.947         0.519  0.621   1.11   4.79   15.1   10.9   13.1   9.42   7.20   4.00
 31    0.886         0.581          1.16          17.7   10.7          9.34          3.94

Min    0.886  0.509  0.478  0.509  0.519  0.987   5.01   10.7   9.74   9.18   6.58   3.94  0.478
Mean    1.60  0.640  0.520  0.735   1.28   4.10   15.8   13.0   12.4   10.5   7.87   5.26   6.14
Max     2.20  0.845  0.662   1.57   2.44   9.71   22.8   17.3   20.3   15.1   9.18   6.66   22.8

