Station number: 602.5
Location:       Pipletar                                                          Latitude: 27 17 45
River:          Hinwa Khola                                                      Longitude: 87 13 30

Year:           2000

                                    Mean daily discharge in m3/s
                                    ============================

Day     Jan.   Feb.   Mar.   Apr.   May    Jun.   Jul.   Aug.   Sep.   Oct.   Nov.   Dec.   Year
 01     2.56   1.85   1.40   1.62   14.8   10.2   22.0   8.59   10.0   5.40   4.41   3.40
 02     2.56   1.85   1.40   1.20   11.8   9.61   17.8   10.3   10.2   5.20   4.36   3.26
 03     2.42   1.85   1.40   1.25   9.71   9.33   16.2   9.71   10.4   5.33   4.36   3.26
 04     2.42   1.85   1.40   1.21   9.15   8.96   15.9   9.52   15.6   5.33   4.25   3.12
 05     2.42   2.00   1.40   1.18   8.87   8.77   15.1   8.77   15.6   5.20   4.20   2.98
 06     2.42   2.00   1.48   1.14   8.59   8.68   15.0   8.40   12.7   5.20   4.20   2.93
 07     2.42   1.92   1.48   1.08   8.40   8.40   25.8   9.55   11.4   5.20   4.20   2.84
 08     2.37   1.92   1.48   1.08   8.21   8.31   21.8   11.7   10.0   16.2   4.15   2.70
 09     2.28   1.85   1.48   1.03   8.12   8.12   15.9   9.92   10.2   10.5   4.04   2.70
 10     2.28   1.85   1.48   1.01   7.84   7.84   16.2   13.4   9.71   7.84   4.04   2.61
 11     2.28   1.85   1.40  0.920   7.65   8.21   15.0   12.2   9.52   6.73   4.04   2.56
 12     2.28   1.85   1.40  0.920   6.80   8.03   14.0   10.0   8.87   6.53   4.04   2.56
 13     2.28   1.70   1.40  0.975   6.73   8.03   13.5   9.52   8.49   6.33   4.04   2.56
 14     2.19   1.62   1.40  0.975   6.53   8.03   12.8   9.43   8.68   6.27   4.04   2.42
 15     2.14   1.62   1.40  0.920   11.7   11.0   12.6   9.33   9.15   6.27   4.04   2.42
 16     2.14   1.55   1.40  0.920   10.5   9.83   11.2   9.05   8.49   6.13   4.04   2.42
 17     2.14   1.55   1.40  0.957   9.71   8.49   10.8   11.9   7.56   6.07   3.88   2.42
 18     2.14   1.55   1.40   3.31   12.0   8.21   9.71   15.6   7.37   6.00   3.88   2.42
 19     2.14   1.48   1.40   2.93   11.1   11.6   9.80   23.8   7.28   5.80   3.88   2.42
 20     2.00   1.48   1.40   3.27   10.6   10.2   9.52   15.7   7.12   5.80   3.88   2.28
 21     2.00   1.48   1.40   3.36   10.2   9.24   9.15   12.4   6.67   5.73   3.77   2.28
 22     2.00   1.48   1.40   3.56   9.52   8.59   10.2   13.0   6.47   7.87   3.72   2.28
 23     2.00   1.48   1.32   3.56   9.80   9.43   10.0   11.4   6.00   6.27   3.72   2.28
 24     2.00   1.48   1.30   3.40   9.43   9.52   9.52   11.5   5.93   7.75   3.72   2.28
 25     2.00   1.50   1.25   3.17   9.24   8.96   9.05   10.8   5.93   5.27   3.72   2.28
 26     1.92   1.52   1.25   3.03   8.96   8.31   8.96   10.0   5.80   4.95   3.72   2.14
 27     1.92   1.48   1.25   2.84   9.52   8.12   12.7   9.83   5.60   4.68   3.56   2.14
 28     1.92   1.48   1.20   2.93   10.8   8.31   11.0   9.33   5.40   4.63   3.56   2.14
 29     1.85   1.40   1.20   2.93   9.43   24.6   10.2   9.05   5.40   4.52   3.56   2.14
 30     1.85          1.14   20.2   11.1   25.4   9.61   12.8   5.40   4.41   3.40   2.14
 31     1.85          1.14          11.5          9.43   10.9          4.41          2.14

Min     1.85   1.40   1.14  0.920   6.53   7.84   8.96   8.40   5.40   4.41   3.40   2.14  0.920
Mean    2.17   1.67   1.36   2.56   9.62   10.0   13.2   11.2   8.56   6.25   3.95   2.53   6.09
Max     2.56   2.00   1.48   20.2   14.8   25.4   25.8   23.8   15.6   16.2   4.41   3.40   25.8

