Station number: 602.5
Location:       Pipletar                                                          Latitude: 27 17 45
River:          Hinwa Khola                                                      Longitude: 87 13 30

Year:           1997

                                    Mean daily discharge in m3/s
                                    ============================

Day     Jan.   Feb.   Mar.   Apr.   May    Jun.   Jul.   Aug.   Sep.   Oct.   Nov.   Dec.   Year
 01     2.98   2.84   2.14   1.85   1.85   8.40   4.64   8.49   32.4   11.4   4.06   2.56
 02     2.84   2.84   2.14   1.82   1.85   8.59   8.49   7.75   17.7   11.4   4.06   2.56
 03     2.84   2.84   2.05   2.23   1.78   8.99   7.37   7.28   11.9   9.93   4.06   2.44
 04     2.84   2.84   2.00   2.14   1.78   7.24   7.93   6.93   10.3   9.67   4.06   2.44
 05     2.84   2.84   2.00   2.33   1.72   4.80   8.40   22.8   9.27   9.53   4.06   2.44
 06     2.84   2.84   2.00   2.28   3.93   7.49   7.21   18.3   8.09   7.75   3.62   2.32
 07     2.84   2.70   1.98   2.09   4.91   11.4   6.60   22.0   7.98   7.30   3.62   2.32
 08     2.79   2.70   1.92   1.98   3.88   9.60   10.6   17.1   14.3   5.38   3.62   4.06
 09     2.89   2.70   1.92   2.37   2.93   7.19   13.2   44.8   15.5   5.38   3.62   3.04
 10     2.70   2.70   1.92   1.98   2.28   7.84   6.40   32.8   17.3   5.23   3.62   2.72
 11     2.70   2.70   1.92   2.14   2.14   5.40   7.68   31.2   21.6   4.94   3.62   2.52
 12     2.70   2.65   1.92   1.98   2.09   5.01   7.84   29.6   17.1   4.65   3.62   2.20
 13     2.70   2.56   1.92   2.14   2.00   5.73   8.89   24.2   20.6   4.43   3.40   2.10
 14     2.70   2.56   1.90   2.14   2.00   9.97   6.00   29.2   15.0   7.12   3.40   2.10
 15     2.70   2.56   1.90   2.00   2.00   16.3   4.25   25.6   13.0   5.31   3.40   1.99
 16     2.56   2.56   1.85   2.00   2.00   7.37   11.9   14.1   14.6   5.09   3.16   1.96
 17     2.56   2.42   1.85   2.09   2.00   7.24   21.5   37.9   13.9   4.50   3.16   1.88
 18     2.56   2.42   1.85   2.00   3.88   5.87   9.69   31.6   12.9   4.28   3.16   1.78
 19     2.56   2.42   1.85   2.00   2.89   10.2   11.9   22.2   21.6   4.28   3.04   1.78
 20     2.98   2.42   1.78   2.00   3.51   9.27   13.9   21.4   15.8   4.06   3.04   1.78
 21     2.98   2.42   1.78   2.00   2.93   16.8   13.0   16.8   17.6   4.06   3.00   1.78
 22     2.98   2.28   1.78   2.00   2.85   7.40   8.40   17.3   15.5   5.23   2.92   1.78
 23     2.98   2.28   1.78   2.00   2.65   9.81   9.15   16.3   14.7   4.94   2.92   1.78
 24     2.98   2.28   1.78   2.00   7.37   5.93   10.5   14.6   14.2   4.79   2.80   1.78
 25     2.98   2.28   1.70   2.00   6.27   4.52   10.4   15.8   13.5   4.72   2.80   1.78
 26     2.98   2.28   1.70   2.00   4.09   5.43   19.4   25.8   13.0   4.50   2.68   1.68
 27     2.98   2.28   1.70   2.00   3.56   8.49   17.6   13.4   13.0   4.50   2.68   1.68
 28     2.98   2.14   1.70   1.92   8.77   5.73   12.2   9.42   12.6   4.28   2.64   1.68
 29     2.84          1.70   1.92   6.93   5.41   11.2   8.43   12.2   4.28   2.56   1.68
 30     2.84          1.78   1.88   5.08   4.25   11.7   11.4   11.8   4.13   2.56   1.68
 31     2.84          1.82          5.24          9.36   11.0          4.06          1.68

Min     2.56   2.14   1.70   1.82   1.72   4.25   4.25   6.93   7.98   4.06   2.56   1.68   1.68
Mean    2.82   2.55   1.87   2.04   3.46   7.92   10.2   19.9   15.0   5.84   3.30   2.13   6.42
Max     2.98   2.84   2.14   2.37   8.77   16.8   21.5   44.8   32.4   11.4   4.06   4.06   44.8

