Station number: 602.5
Location:       Pipletar                                                          Latitude: 27 17 45
River:          Hinwa Khola                                                      Longitude: 87 13 30

Year:           1998

                                    Mean daily discharge in m3/s
                                    ============================

Day     Jan.   Feb.   Mar.   Apr.   May    Jun.   Jul.   Aug.   Sep.   Oct.   Nov.   Dec.   Year
 01     1.68  0.967  0.478  0.764   15.6   11.5   22.7   10.2   13.6   12.9   4.36   3.56
 02     1.68  0.967  0.478  0.743   14.7   11.5   22.4   9.92   10.3   10.8   4.15   3.40
 03     1.57  0.967  0.447  0.743   12.7   13.5   18.9   9.52   10.4   10.6   4.04   3.40
 04     1.57  0.906  0.426  0.560   11.8   12.8   22.0   9.15   9.92   10.0   3.83   3.40
 05     1.54  0.906  0.478  0.601   12.0   12.2   34.6   23.4   13.4   9.15   3.72   3.40
 06     1.46  0.906  0.457  0.540   10.6   12.4   22.2   14.6   11.8   8.96   3.72   3.40
 07     1.46  0.906  0.499  0.540   9.92   12.2   14.0   13.9   12.7   8.87   3.72   3.40
 08     1.46  0.906  0.468  0.581   9.71   10.6   20.4   14.6   11.2   8.59   3.56   3.26
 09     1.46  0.906  0.488  0.560   9.05   10.3   16.9   15.3   10.4   8.40   3.56   3.26
 10     1.46  0.845  0.519  0.601   9.43   10.4   15.3   12.4   9.52   7.93   3.45   3.26
 11     1.29  0.845  0.509  0.540   8.87   10.2   13.2   13.4   9.15   7.84   3.40   3.26
 12     1.36  0.845  0.488  0.540   8.21   23.6   14.1   12.0   9.05   7.56   3.40   3.26
 13     1.25  0.723  0.488  0.540   8.12   17.6   13.3   11.2   13.4   7.28   3.40   3.26
 14     1.15  0.723  0.499  0.560   7.93   15.0   12.3   11.2   10.9   6.67   3.40   3.26
 15     1.15  0.723  0.478  0.540   6.80   11.1   11.2   10.6   9.71   6.47   3.40   3.12
 16     1.15  0.723  0.509  0.581   6.53   9.83   11.0   10.2   9.05   6.13   3.26   2.61
 17     1.15  0.703  0.499  0.581   6.40   9.33   11.4   9.92   8.31   5.87   3.93   2.56
 18     1.15  0.662  0.530  0.581   6.53   9.24   11.1   9.80   8.03   5.80   3.93   2.56
 19     1.15  0.662  0.540  0.540   6.53   23.0   10.8   10.0   14.1   5.80   3.88   2.56
 20     1.15  0.662  0.519   9.19   16.2   23.0   11.1   9.43   11.7   5.53   3.88   2.56
 21     1.09  0.601  0.488   7.07   13.3   15.0   14.9   9.24   10.4   5.33   3.77   2.56
 22     1.09  0.743  0.488   8.81   13.6   17.7   11.5   8.96   10.2   5.20   3.99   2.42
 23     1.09  0.581  0.743   7.30   19.8   20.6   11.0   8.68   9.71   5.20   4.04   2.42
 24     1.09  0.540  0.845   9.93   12.6   25.6   10.5   8.59   9.05   5.07   3.88   2.42
 25     1.09  0.540  0.723   7.98   12.6   17.2   10.0   14.5   11.0   5.07   3.77   2.42
 26     1.09  0.509  0.621   8.21   11.7   22.4   9.92   14.7   9.61   5.00   3.72   2.42
 27     1.03  0.509  0.560   8.21   10.9   16.8   9.61   13.5   8.77   4.84   3.72   2.42
 28     1.03  0.488  0.581   5.53   10.3   22.6   9.83   13.3   8.49   4.68   3.72   2.28
 29     1.03         0.601   42.8   10.0   20.2   9.33   12.4   8.03   4.68   3.56   2.28
 30     1.03          1.01   15.4   18.0   23.8   8.87   12.4   9.92   4.84   3.56   2.28
 31    0.967         0.825          14.1          10.8   14.0          4.52          2.28

Min    0.967  0.488  0.426  0.540   6.40   9.24   8.87   8.59   8.03   4.52   3.26   2.28  0.426
Mean    1.26  0.749  0.557   4.72   11.1   15.7   14.4   12.0   10.4   6.96   3.72   2.87   7.03
Max     1.68  0.967   1.01   42.8   19.8   25.6   34.6   23.4   14.1   12.9   4.36   3.56   42.8

