Station number: 602.5
Location:       Pipletar                                                          Latitude: 27 17 45
River:          Hinwa Khola                                                      Longitude: 87 13 30

Year:           2003

                                    Mean daily discharge in m3/s
                                    ============================

Day     Jan.   Feb.   Mar.   Apr.   May    Jun.   Jul.   Aug.   Sep.   Oct.   Nov.   Dec.   Year
 01     2.28   1.61   2.16   1.42   4.15   4.96   8.29   7.56   9.52   9.85   5.16   4.50
 02     2.12   1.58   2.12   1.42   4.04   5.48   10.9   7.00   8.77   8.59   4.94   4.35
 03     2.12   1.51   2.49   1.35   4.09   12.2   8.21   7.28   9.61   7.65   5.38   4.21
 04     2.12   1.54   1.80   1.32   4.57   10.2   8.96   12.3   10.2   7.09   5.01   4.06
 05     2.12   1.51   1.54   1.32   4.04   10.6   13.4   12.3   12.0   8.49   4.79   3.91
 06     1.96   1.42   1.42   1.26   4.04   7.84   11.7   13.5   12.8   7.65   7.30   3.69
 07     1.96   1.42   1.38   1.22   7.21   6.73   9.67   14.5   9.76   7.75   9.84   3.47
 08     1.96   2.44   1.32   1.35   8.31   5.80   7.31   11.4   9.05   7.00   7.07   3.40
 09     1.96   1.82   1.32   1.22   8.03   5.07   6.67   10.4   8.77   7.00   5.71   3.32
 10     1.80   1.61   1.32   1.22   7.65   4.95   7.05   9.71   9.05   14.1   8.21   3.28
 11     1.85   1.45   1.26   1.79   8.21   4.57   7.47   9.33   9.83   11.5   5.83   3.24
 12     1.80   1.42   1.22   2.03   6.73   4.31   11.4   9.73   9.33   10.7   5.23   3.16
 13     1.80   1.42   1.87   2.23   7.31   4.15   10.1   10.9   11.2   8.09   5.23   3.16
 14     1.80   1.76   2.33   3.88   6.00   3.99   11.7   10.6   12.3   6.85   7.41   3.08
 15     1.80   1.76   2.92   3.13   9.69   3.93   11.1   10.0   11.5   8.23   5.45   3.04
 16     1.80   2.09   3.61   2.23   8.49   7.05   7.93   9.43   10.9   6.39   5.23   3.04
 17     1.80   1.93   3.35   1.77   6.93   9.81   7.93   9.05   9.61   6.05   5.09   3.04
 18     1.80   2.39   4.04   1.70   6.60   9.20   8.21   9.05   8.77   7.98   4.94   2.92
 19     1.80   2.39   5.53   1.70   6.20   8.77   10.1   10.6   7.93   6.73   4.79   2.92
 20     1.70   2.12   5.07   1.70   6.27   8.96   11.7   9.92   7.56   10.3   4.72   2.92
 21     2.23   1.51   3.93   1.79   7.68   6.80   11.0   9.43   10.2   8.43   4.57   2.92
 22     2.12   1.51   2.55   1.87   10.6   7.12   10.5   10.2   14.1   7.75   4.50   2.84
 23     1.74   1.48   1.77   1.61   9.39   6.93   11.1   11.4   10.2   7.07   4.35   2.80
 24     1.84   1.42   5.11   1.54   7.31   6.53   9.15   11.0   8.59   6.17   4.21   2.80
 25     3.24   1.42   4.96   1.51   7.47   6.47   11.8   9.92   7.75   5.71   5.65   2.80
 26     2.92   1.42   4.04   2.87   12.0   6.13   12.2   12.0   7.47   5.60   8.11   2.80
 27     1.85   1.77   2.55   4.99   7.75   5.80   9.05   13.2   8.29   5.71   5.38   2.72
 28     1.70   2.81   1.73   5.28   6.47   5.47   8.31   16.2   9.05   5.38   4.94   2.68
 29     1.70          1.51   4.63   5.33   5.20   7.84   12.1   17.4   5.23   4.72   2.68
 30     1.61          1.51   4.36   4.95   10.2   8.21   10.9   14.4   8.49   4.57   2.68
 31     1.61          1.45          4.63          8.12   10.0          5.49          2.64

Min     1.61   1.42   1.22   1.22   4.04   3.93   6.67   7.00   7.47   5.23   4.21   2.64   1.22
Mean    1.97   1.73   2.55   2.19   6.84   6.84   9.59   10.7   10.2   7.72   5.61   3.20   5.76
Max     3.24   2.81   5.53   5.28   12.0   12.2   13.4   16.2   17.4   14.1   9.84   4.50   17.4

