Station number: 602.5
Location:       Pipletar                                                          Latitude: 27 17 45
River:          Hinwa Khola                                                      Longitude: 87 13 30

Year:           1994

                                    Mean daily discharge in m3/s
                                    ============================

Day     Jan.   Feb.   Mar.   Apr.   May    Jun.   Jul.   Aug.   Sep.   Oct.   Nov.   Dec.   Year
 01     1.57   1.36   1.09   0.91   0.91   2.68   41.0   10.6   29.6   8.40   4.56   4.05
 02     1.46   1.36   1.03   1.36   0.85   2.20   38.0   13.5   19.2   8.10   4.20   4.05
 03     1.46   1.36   0.97   2.10   1.25   2.44   28.4   18.0   26.0   11.7   4.38   3.90
 04     1.46   1.36   0.97   1.15   1.99   2.68   24.8   17.0   24.8   10.2   4.20   3.75
 05     1.46   1.46   0.97   1.25   1.78   14.0   21.0   14.5   21.8   9.30   4.20   3.75
 06     1.46   1.46   0.97   1.09   1.03   3.84   22.0   18.0   18.8   8.70   4.20   3.60
 07     1.46   1.36   0.91   1.15   1.03   10.2   20.5   19.5   20.6   7.20   4.20   3.60
 08     1.46   1.36   0.91   1.09   1.03   6.96   27.2   21.0   22.4   7.20   4.20   3.60
 09     1.46   1.25   0.85   1.15   2.68   11.0   25.4   22.0   18.0   6.90   4.20   3.60
 10     1.46   1.36   0.85   1.15   1.36   11.4   34.4   19.5   18.4   8.70   4.05   3.60
 11     1.36   1.36   0.91   0.85   1.25   21.0   27.2   16.0   16.0   8.70   3.75   3.60
 12     1.36   1.36   0.91   0.91   1.15   10.6   26.0   14.5   15.2   8.70   3.75   3.60
 13     1.36   1.36   0.85   0.91   1.15   9.40   24.2   11.8   15.2   6.60   3.60   3.60
 14     1.36   1.36   1.09   0.91   0.91   9.00   25.4   11.4   15.2   6.30   3.30   3.45
 15     1.36   1.36   1.09   0.85   0.97   9.40   19.0   16.0   14.4   6.30   3.15   3.45
 16     1.68   1.36   1.15   0.91   1.25   8.32   18.0   15.5   14.4   6.30   3.15   3.45
 17     1.99   1.15   1.15   0.85   1.09   9.00   20.0   17.0   15.2   6.60   4.38   3.45
 18     1.68   1.15   1.09   0.91   1.15   9.80   22.0   23.6   20.6   6.30   4.38   3.45
 19     1.68   1.09   0.97   0.97   1.36   10.2   25.4   19.5   15.2   6.00   4.38   3.45
 20     1.68   1.09   0.91   0.97   1.36   11.4   17.0   34.4   14.8   6.00   4.20   3.45
 21     1.57   1.09   1.99   1.03   1.36   24.2   17.5   23.0   14.4   5.82   4.20   3.45
 22     1.57   0.91   0.91   1.15   2.92   22.5   12.2   20.5   13.6   5.82   4.20   3.45
 23     1.57   0.91   0.85   1.36   7.30   14.5   11.8   42.4   12.0   4.92   4.20   3.30
 24     1.57   0.85   1.57   1.36   5.94   25.4   11.4   37.4   11.7   4.92   4.20   3.15
 25     1.46   0.85   1.36   1.25   3.28   22.0   10.2   19.2   11.4   4.92   4.20   3.15
 26     1.46   1.03   1.88   1.25   4.50   23.6   9.40   16.4   12.8   4.92   4.20   3.00
 27     1.46   1.09   1.09   1.25   4.06   24.8   9.00   29.6   11.1   4.56   4.20   3.00
 28     1.46   1.09   1.15   1.36   6.62   15.5   15.5   21.2   10.8   4.74   4.20   2.85
 29     1.46          1.15   1.78   2.68   17.0   23.6   19.6   9.90   4.74   4.56   3.00
 30     1.46          1.09   1.36   2.92   25.4   16.5   21.2   9.30   4.92   4.56   2.85
 31     1.36          0.91          2.20          17.5   24.2          4.74          2.85

Min     1.36   0.85   0.85   0.85   0.85   2.20   9.00   10.6   9.30   4.56   3.15   2.85   0.85
Mean    1.50   1.22   1.08   1.15   2.24   13.0   21.3   20.3   16.4   6.75   4.10   3.44   7.71
Max     1.99   1.46   1.99   2.10   7.30   25.4   41.0   42.4   29.6   11.7   4.56   4.05   42.4

