Station number: 602.5
Location:       Pipletar                                                          Latitude: 27 17 45
River:          Hinwa Khola                                                      Longitude: 87 13 30

Year:           1995

                                    Mean daily discharge in m3/s
                                    ============================

Day     Jan.   Feb.   Mar.   Apr.   May    Jun.   Jul.   Aug.   Sep.   Oct.   Nov.   Dec.   Year
 01     2.70   2.07   1.96   1.75   2.38   9.90   16.8   13.6   17.6   16.8   6.30   4.74
 02     2.85   2.17   1.96   1.75   2.49   18.8   14.4   13.2   16.8   15.6   6.30   4.20
 03     2.70   2.17   1.96   1.75   2.38   9.60   15.2   13.2   17.2   15.2   6.00   4.20
 04     2.70   2.17   1.96   1.75   2.38   13.6   24.2   12.8   17.2   14.8   6.00   4.20
 05     2.70   2.17   1.96   1.65   2.28   14.0   15.6   12.4   16.4   14.0   5.82   4.20
 06     2.59   2.17   1.96   1.65   2.38   15.6   19.6   33.8   15.6   13.6   5.64   4.38
 07     2.59   2.07   1.86   1.65   2.85   14.0   21.2   42.2   14.0   12.4   5.46   4.38
 08     2.59   2.07   1.86   1.57   2.49   14.8   17.6   22.4   13.6   12.0   5.46   4.20
 09     2.59   2.07   1.86   1.75   3.50   14.4   18.0   21.8   13.6   11.7   5.46   4.05
 10     2.59   2.07   1.86   1.65   4.20   20.6   18.4   19.6   13.2   11.4   19.2   4.05
 11     2.59   2.17   1.86   1.50   4.20   31.4   18.4   22.4   13.2   10.8   13.2   3.90
 12     2.59   2.17   1.86   1.42   2.70   17.2   24.8   24.8   13.2   11.1   8.70   3.90
 13     2.59   2.17   1.86   1.35   3.00   16.8   22.4   18.4   13.2   10.5   7.50   3.75
 14     2.70   2.28   1.86   1.35   3.30   16.4   20.0   27.2   12.8   10.2   7.20   3.75
 15     2.59   2.17   1.86   1.35   2.85   14.4   19.2   25.4   12.4   9.60   6.30   3.75
 16     2.49   2.17   1.86   1.35   3.15   13.6   21.2   27.8   12.4   9.60   6.30   3.75
 17     2.49   2.17   1.86   4.74   2.70   18.4   20.0   23.0   12.4   8.70   5.82   3.75
 18     2.49   2.17   1.86   4.20   2.70   14.4   19.2   22.4   12.0   8.40   5.82   3.75
 19     2.38   2.17   1.86   3.75   2.59   14.0   25.4   20.6   11.7   8.10   5.64   3.60
 20     2.38   2.07   1.86   2.59   9.30   12.4   21.8   20.0   11.4   7.80   5.46   3.60
 21     2.38   2.07   1.86   2.28   18.0   12.0   18.8   27.2   11.7   7.50   5.28   3.60
 22     2.38   2.07   1.86   2.28   9.90   14.0   18.4   23.0   17.2   7.80   5.46   3.60
 23     2.28   2.07   1.86   2.17   6.90   14.4   18.4   18.0   16.4   7.80   5.28   3.60
 24     2.28   1.96   1.86   2.17   5.82   12.0   16.4   16.0   16.0   7.20   5.28   3.90
 25     2.28   1.96   1.75   2.07   5.46   11.7   14.8   31.4   14.4   6.90   5.28   3.75
 26     2.28   1.96   1.75   1.96   4.92   11.4   14.4   19.6   12.4   6.60   5.10   3.75
 27     2.17   1.96   1.75   2.70   4.05   15.6   20.0   22.4   12.4   6.60   5.10   3.60
 28     2.17   1.96   1.75   2.17   3.30   12.4   18.4   21.2   14.0   6.30   4.56   3.60
 29     2.07          1.75   2.28   6.30   12.0   16.0   17.2   12.4   6.30   4.38   3.45
 30     2.07          1.75   2.28   12.8   14.8   14.4   17.6   12.0   6.00   4.38   3.30
 31     2.07          1.75          11.4          14.0   19.6          6.30          3.30

Min     2.07   1.96   1.75   1.35   2.28   9.60   14.0   12.4   11.4   6.00   4.38   3.30   1.35
Mean    2.46   2.10   1.85   2.10   4.92   14.8   18.6   21.6   14.0   9.92   6.46   3.86   8.56
Max     2.85   2.28   1.96   4.74   18.0   31.4   25.4   42.2   17.6   16.8   19.2   4.74   42.2

