Station number: 602.5
Location:       Pipletar                                                          Latitude: 27 17 45
River:          Hinwa Khola                                                      Longitude: 87 13 30

Year:           1991

                                    Mean daily discharge in m3/s
                                    ============================

Day     Jan.   Feb.   Mar.   Apr.   May    Jun.   Jul.   Aug.   Sep.   Oct.   Nov.   Dec.   Year
 01     1.92   1.55   1.25   2.00   1.68   4.09   9.52   22.6   15.8   12.0   3.72   1.85
 02     2.00   1.50   1.28   1.88   1.57   3.17   12.7   23.2   16.0   9.85   3.72   1.85
 03     4.31   1.47   1.32   1.78   1.55   3.17   11.7   22.8   15.3   8.87   3.72   1.85
 04     4.09   1.47   1.32   1.70   1.62   3.21   15.6   22.2   18.3   7.37   3.72   1.85
 05     3.88   1.45   1.47   1.70   1.55   3.31   14.4   25.0   16.3   6.13   3.56   1.83
 06     3.72   1.40   1.47   1.68   5.63   3.26   13.5   29.8   15.2   6.00   3.56   1.78
 07     3.21   1.40   1.45   1.62   4.25   3.07   17.5   30.4   14.1   5.87   3.56   1.78
 08     2.93   1.40   1.40   1.62   4.15   3.26   15.8   31.6   13.3   5.67   3.56   1.78
 09     2.65   1.40   1.40   1.57   3.61   3.88   15.0   28.8   12.1   5.33   3.40   1.75
 10     2.47   1.40   1.40   1.55   3.07   21.6   13.5   28.8   12.0   5.07   3.40   1.70
 11     2.05   1.40   1.40   1.52   2.21   6.87   13.0   21.7   12.0   4.89   3.40   1.70
 12     2.00   1.40   1.40   1.47   1.68   6.67   12.6   17.8   12.3   4.79   3.21   1.70
 13     1.95   1.40   1.32   1.37   3.03   6.47   12.2   17.5   17.2   4.68   3.12   1.70
 14     1.90   1.32   1.32   1.32   2.84   6.13   12.1   18.5   17.2   4.47   2.98   1.70
 15     1.83   1.32   1.32   1.30   2.98   6.20   12.3   17.8   16.0   4.36   2.75   1.70
 16     1.78   1.32   1.28   1.25   3.17   6.47   12.1   18.8   15.1   4.31   2.61   1.62
 17     1.70   1.28   1.23   1.21   3.12   6.33   11.6   32.0   14.4   4.20   2.51   1.62
 18     1.70   1.25   1.19   1.10   3.07   6.27   11.4   30.2   13.4   4.20   2.42   1.62
 19     1.70   1.25   1.19   1.01   2.98   6.47   11.7   17.9   12.0   4.09   2.42   1.62
 20     1.70   1.25   1.19   0.99   2.89   6.40   11.8   16.6   11.5   4.04   2.42   1.60
 21     1.70   1.25   1.19   0.98   2.84   6.33   11.6   13.9   11.0   4.04   2.33   1.55
 22     1.65   1.25   1.21   0.98   2.89   6.33   12.1   13.2   10.4   4.04   2.28   1.55
 23     1.62   1.25   1.32   0.98   2.84   6.53   11.7   12.8   9.52   3.99   2.28   1.55
 24     1.62   1.32   1.32   0.98   2.89   7.00   11.5   12.9   7.00   3.88   2.19   1.55
 25     1.62   1.32   1.16   1.03   2.89   8.87   10.9   12.7   9.33   3.88   2.09   1.55
 26     1.60   1.28   1.14   1.10   2.75   9.71   11.0   15.6   9.61   3.88   2.00   1.55
 27     1.55   1.25   1.10   2.47   2.65   9.24   11.7   15.8   9.24   3.88   1.95   1.55
 28     1.55   1.25   1.07   2.37   6.48   8.96   11.4   16.4   8.87   3.88   1.92   1.55
 29     1.57          1.03   2.09   6.67   10.3   11.1   16.0   7.00   3.83   1.90   1.55
 30     1.62          1.10   1.83   6.47   10.0   10.6   16.4   7.00   3.72   1.85   1.55
 31     1.57          1.60          7.05          11.2   15.9          3.72          1.55

Min     1.55   1.25   1.03   0.98   1.55   3.07   9.52   12.7   7.00   3.72   1.85   1.55   0.98
Mean    2.17   1.35   1.29   1.48   3.32   6.65   12.4   20.5   12.6   5.13   2.82   1.67   5.95
Max     4.31   1.55   1.60   2.47   7.05   21.6   17.5   32.0   18.3   12.0   3.72   1.85   32.0

