Station number: 650
Location:       Rasnalu Village                                                   Latitude: 27 34 30
River:          Khimti Khola                                                     Longitude: 86 11 50

Year:           1992

                                    Mean daily discharge in m3/s
                                    ============================

Day     Jan.   Feb.   Mar.   Apr.   May    Jun.   Jul.   Aug.   Sep.   Oct.   Nov.   Dec.   Year
 01     6.74   5.52   4.76   4.33   7.27   8.78   30.6    276   66.4   NA     8.78   7.12
 02     6.82   5.37   4.70   4.15   7.64   9.06   31.8    224   62.9   NA     8.59   7.56
 03     6.74   5.29   4.76   4.15   7.54   9.34   42.6    209   44.3   NA     8.59   7.44
 04     6.59   5.14   4.70   4.15   8.11   9.15   44.1    201   47.6   NA     8.59   6.97
 05     6.74   5.14   4.76   4.15   8.30   9.34   44.1    348    216   NA     8.20   11.2
 06     6.51   5.14   4.76   4.33   8.30   8.78   47.3    225    357   NA     8.40   10.4
 07     6.51   5.52   4.64   4.21   7.54   8.49   48.6    174    189   NA     8.20   10.3
 08     6.59   5.37   4.70   4.15   8.59   8.20   45.8    136    482   NA     7.92   10.4
 09     6.51   5.44   4.51   4.09   8.96   8.96   42.9    103   68.9   NA     8.11   10.4
 10     6.28   5.29   4.39   3.97   8.59   8.87    121   87.4   59.2   8.87   7.92   10.3
 11     6.36   5.14   4.33   3.97   7.82   8.49    104   77.1   53.9   8.30   7.82   9.91
 12     6.36   5.06   4.33   3.97   8.87   8.20   62.7   66.9   57.0   10.6   7.73   9.72
 13     6.20   5.00   4.15   3.79   6.09   9.44   45.6   59.5   57.5   11.0   7.82   9.72
 14     6.28   5.00   4.15   3.85   6.05   NA     37.4   68.6   48.5   10.5   7.64   9.25
 15     6.28   5.14   4.33   3.73   6.36   9.44   35.3   77.1   43.4   10.3   7.92   9.15
 16     6.13   4.88   4.15   3.60   6.43   9.63   46.8   64.4   40.5   9.72   7.64   9.63
 17     6.13   4.94   4.27   3.54   6.66   9.44   58.1    130   NA     10.2   7.44   9.34
 18     6.05   5.63   4.15   3.42   6.89   9.63    114   68.5   41.7   9.91   7.92   9.06
 19     5.98   5.00   4.33   3.42   7.12   9.44    117   55.9   39.8   9.72   7.64   9.25
 20     6.05   4.70   4.15   3.48   7.12   10.2    121   51.6   37.0   9.34   7.82   9.06
 21     5.90   4.88   4.33   3.60   9.32   11.6    251   48.3   35.7   9.34   7.82   8.87
 22     6.36   4.88   4.33   3.60   7.54   10.8   73.3   61.8   35.0   9.44   8.59   8.78
 23     5.75   4.82   4.15   3.73   7.92   10.8   81.1    257   34.0   9.06   8.02   8.59
 24     5.82   4.82   4.39   3.79   8.11   19.8   68.6    432   32.7   9.34   8.11   8.68
 25     5.90   5.00   4.33   3.79   8.20   10.9   68.1   81.8   NA     9.06   8.40   8.20
 26     5.82   4.88   4.45   3.91   8.49   11.1    112   95.2   NA     9.15   8.11   8.30
 27     5.75   4.76   4.33   3.97   8.68   12.3    119   76.0   NA     8.78   8.49   7.92
 28     5.59   4.88   4.51   4.96   8.68   33.7   96.5   67.4   NA     8.96   7.64   8.02
 29     5.59   4.76   4.33   5.52   8.68   45.9    122   98.6   NA     8.87   7.44   7.82
 30     5.52          4.15   5.29   8.63   24.4    232   63.0   NA     8.78   7.12   8.20
 31     5.59          4.33          14.9           193   59.8          9.06          7.92

Min     5.52   4.70   4.15   3.42   6.05   8.20   30.6   48.3   32.7   8.30   7.12   6.97   3.42
Mean    6.18   5.08   4.41   4.02   8.04   NA     85.7    130   NA     NA     8.01   8.95   NA  
Max     6.82   5.63   4.76   5.52   14.9   45.9    251    432    482   11.0   8.78   11.2    482

