Station number: 650
Location:       Rasnalu Village                                                   Latitude: 27 34 30
River:          Khimti Khola                                                     Longitude: 86 11 50

Year:           1998

                                    Mean daily discharge in m3/s
                                    ============================

Day     Jan.   Feb.   Mar.   Apr.   May    Jun.   Jul.   Aug.   Sep.   Oct.   Nov.   Dec.   Year
 01     5.08   4.11   3.50   4.87   14.5   7.64   86.9   79.8   89.0   41.8   16.3   7.78
 02     5.13   4.11   3.57   5.13   13.2   7.44   84.3   86.8   80.4   40.3   15.6   6.77
 03     4.91   3.97   3.61   5.24   11.2   6.97   80.9   81.1   82.5   41.4   15.4   6.57
 04     4.91   3.97   3.61   4.91   11.3   6.35   76.3   83.9   82.7   40.1   15.1   6.24
 05     5.08   4.02   3.70   6.69   10.8   6.13   74.3    108    109   38.7   14.5   6.18
 06     4.97   4.11   3.70   7.80   9.23   5.57   71.8   90.1   86.4   38.5   14.0   6.07
 07     4.91   4.11   3.84   6.79   7.98   5.96   70.5    124   74.0   37.9   13.8   5.85
 08     5.02   3.97   3.84   5.80   6.57   6.18   68.6    154   69.9   37.0   13.6   5.80
 09     4.78   3.93   3.84   4.97   8.04   6.18   66.8   78.0   69.9   36.4   13.5   5.91
 10     4.78   3.84   3.84   4.78   6.90   6.51   65.8   90.1   64.9   36.6   13.0   6.13
 11     4.78   3.84   3.97   4.69   6.46   6.84   65.0    106   62.1   35.1   12.8   6.02
 12     4.69   3.84   3.97   4.64   6.24   7.04   63.2   79.8   56.7   34.7   12.5   6.57
 13     4.64   3.84   3.97   4.51   6.07   7.44   63.5   93.5   57.8   33.7   12.5   6.57
 14     4.64   3.84   3.97   4.51   5.74   7.57   62.4    123   56.7   33.0   12.2   6.57
 15     4.64   3.84   4.11   4.42   5.85   8.82   59.8   79.3   56.7   32.1   11.7   6.57
 16     4.51   3.70   4.20   4.60   5.74   9.87   56.7   71.5   55.9   31.9   11.0   6.57
 17     4.51   3.70   4.28   5.02   7.24   10.4   55.2   86.8   53.6   30.4   11.1   6.57
 18     4.60   3.70   4.37   6.96   12.2   11.2   58.1   78.0   53.6   30.8   10.5   6.40
 19     4.37   3.61   4.51   8.72   6.84   12.1   61.2   81.8   55.9   31.5   10.6   6.40
 20     4.51   3.61   4.60   8.18   7.37   13.1   56.7   62.9   53.6   30.0   10.8   6.29
 21     4.51   3.70   4.78   10.7   7.11   17.4   54.9    109   53.1   29.2   10.4   6.29
 22     4.37   3.79   4.78   12.4   6.35   17.5   57.3   81.4   52.3   29.2   10.3   6.35
 23     4.37   3.84   4.97   11.5   8.81   20.0   59.5    170   51.3   33.0   9.79   6.24
 24     4.51   3.70   5.08   11.8   6.33   19.6   56.2   81.6   51.6   27.1   9.71   6.24
 25     4.51   3.57   5.41   19.4   6.29   25.2   61.8   62.9   49.0   26.3   9.47   6.24
 26     4.37   3.57   4.91   16.6   5.80   35.6   66.8   68.3   48.1   24.3   9.31   6.07
 27     4.37   3.57   4.64   11.1   5.46   61.0   63.5   75.0   46.9   22.7   9.06   6.07
 28     4.24   3.57   4.51   9.87   5.19   65.7   58.4   75.4   45.3   20.6   8.58   6.07
 29     4.24          4.37   11.5   5.85   55.4   52.3   85.6   49.5   19.5   8.18   6.24
 30     4.15          6.24   11.8   6.35   67.5   72.6   81.1   47.6   17.9   8.04   6.24
 31     4.11          5.02          7.04          65.9   84.6          17.0          6.24

Min     4.11   3.57   3.50   4.42   5.19   5.57   52.3   62.9   45.3   17.0   8.04   5.80   3.50
Mean    4.62   3.82   4.31   7.99   7.75   18.1   65.1   90.7   62.2   31.6   11.8   6.33   26.2
Max     5.13   4.11   6.24   19.4   14.5   67.5   86.9    170    109   41.8   16.3   7.78    170

