Station number: 650
Location:       Rasnalu Village                                                   Latitude: 27 34 30
River:          Khimti Khola                                                     Longitude: 86 11 50

Year:           2003

                                    Mean daily discharge in m3/s
                                    ============================

Day     Jan.   Feb.   Mar.   Apr.   May    Jun.   Jul.   Aug.   Sep.   Oct.   Nov.   Dec.   Year
 01     4.65   3.05   3.29   4.06   3.77   3.13   71.7   90.4   53.5   34.0   7.52   5.41
 02     4.65   2.94   3.29   4.16   4.11   3.01   46.3    135   49.1   32.4   6.52   5.29
 03     4.50   2.94   3.34   4.22   3.82   3.05   37.6   97.8   50.1   32.8   5.41   4.69
 04     4.40   2.94   3.16   4.11   3.58   3.13   45.5   87.0   49.1   32.1   5.83   4.69
 05     4.35   2.75   3.13   4.11   3.77   3.20   47.2    100   47.4   29.9   6.64   4.54
 06     4.26   2.60   3.13   3.87   4.16   3.01   49.3   32.0   52.8   28.5   5.65   4.30
 07     4.16   2.52   3.13   3.58   4.26   3.05   45.8   32.0   50.0   27.3   5.53   3.92
 08     4.06   2.49   3.09   3.63   4.11   3.68   51.8   68.5   50.7   25.7   4.93   3.96
 09     4.06   2.45   3.09   3.48   4.01   3.09   52.8   75.3   46.7   23.4   5.11   3.87
 10     4.01   2.45   3.01   3.53   4.16   2.90   47.2   40.2   41.6   21.6   5.83   4.01
 11     3.87   2.45   3.05   3.34   4.45   3.48   40.9   60.4   43.0   20.5   7.08   4.01
 12     3.87   3.72   3.01   3.38   4.93   5.18   40.3   66.8   48.4   20.0   6.50   4.11
 13     3.82   6.82   3.01   3.82   5.29   3.61   37.1   53.3   50.3   18.2   6.93   4.30
 14     3.82   2.60   3.01   4.26   4.65   3.78   35.9   55.6   51.1   17.7   6.07   4.45
 15     3.77   2.45   3.01   3.77   3.38   8.18   39.4   58.2   48.4   17.0   5.71   4.45
 16     3.77   2.45   2.90   4.86   3.25   7.66   49.6   61.8   52.5   16.0   5.05   4.69
 17     3.72   2.37   2.90   4.38   2.94   7.00   40.9   57.5   52.0   15.7   5.29   4.54
 18     3.63   2.37   3.01   4.11   2.79   7.66   31.9   61.6   48.1   14.2   5.53   4.45
 19     3.58   2.41   2.94   5.05   2.90   8.03   64.7   64.4   48.4   13.8   6.13   4.35
 20     3.53   2.37   3.01   5.89   3.21   30.8   67.7   63.0   47.9   13.8   5.35   4.26
 21     3.43   2.26   3.01   7.37   3.01   19.9   67.3   62.1   50.7   13.2   6.31   4.11
 22     3.38   2.26   3.09   7.22   3.01   20.2   94.1   65.8   45.8   13.0   4.69   4.06
 23     3.29   2.22   3.16   7.81   3.05   36.4   59.2   63.2   44.3   13.2   4.81   3.96
 24     3.29   2.19   3.24   9.21   3.09   50.9   51.4   57.4   41.3   13.1   4.99   3.82
 25     3.20   2.11   3.24   9.91   2.98   51.6   29.2   54.8   39.6   13.0   5.05   3.68
 26     3.16   6.86   4.22   6.93   3.09   33.3   58.4   56.4   37.7   12.4   5.05   3.58
 27     3.16   4.38   3.72   7.88   2.94   33.1   37.2   56.1   37.7   12.0   4.87   7.15
 28     3.13   3.24   3.82   7.16   3.16   42.0   58.6   54.8   36.3   11.8   4.87   3.24
 29     3.13          3.77   10.2   3.21   55.2   48.7   46.5   35.7   11.0   4.93   4.45
 30     3.05          3.87   5.15   3.20   63.0    122   46.0   34.9   7.81   4.99   3.13
 31     3.05          4.06          3.09           196   49.1          8.61          3.01

Min     3.05   2.11   2.90   3.34   2.79   2.90   29.2   32.0   34.9   7.81   4.69   3.01   2.11
Mean    3.73   2.95   3.25   5.35   3.59   17.4   57.0   63.7   46.2   18.8   5.64   4.27   19.3
Max     4.65   6.86   4.22   10.2   5.29   63.0    196    135   53.5   34.0   7.52   7.15    196

