Station number: 650
Location:       Rasnalu Village                                                   Latitude: 27 34 30
River:          Khimti Khola                                                     Longitude: 86 11 50

Year:           2002

                                    Mean daily discharge in m3/s
                                    ============================

Day     Jan.   Feb.   Mar.   Apr.   May    Jun.   Jul.   Aug.   Sep.   Oct.   Nov.   Dec.   Year
 01     4.65   2.98   3.29   3.20   5.41   8.54   41.7   58.5   43.1   22.8   9.56   6.13
 02     4.65   2.94   3.38   3.16   5.29   8.18   54.3   56.1   44.8   22.2   9.47   6.07
 03     4.50   2.90   3.34   3.13   6.31   8.03   54.8   72.7   42.2   21.7   9.47   6.01
 04     4.40   2.86   3.16   3.89   5.47   7.81   55.4   63.8   42.8   21.0   9.21   5.83
 05     4.35   2.75   3.13   3.78   5.23   7.44   59.8   69.4   43.3   20.8   9.47   5.83
 06     4.26   2.60   3.13   3.96   5.35   8.18   60.5   67.9   41.3   20.9   8.95   5.77
 07     4.16   2.49   3.13   3.87   7.30   7.96   57.2   69.6   40.9   21.5   8.69   5.71
 08     4.06   2.45   3.09   3.77   5.11   7.81   55.1   66.1   43.6   22.0   8.54   5.59
 09     4.06   2.52   3.09   3.72   5.05   8.03   52.8   63.6   41.3   21.2   8.47   5.47
 10     4.01   2.45   3.01   3.77   5.05   8.40   50.0   68.6   39.2   20.6   8.47   5.35
 11     3.87   2.45   3.05   3.77   4.93   8.10   48.1   61.6   33.8   19.7   8.25   5.29
 12     3.87   2.88   3.01   3.72   4.87   8.27   92.6   60.1   29.7   18.6   8.18   5.11
 13     3.82   6.82   3.01   3.68   4.87   8.32   92.2   57.4   28.3   16.5   8.03   5.05
 14     3.82   2.60   3.01   3.77   5.41   17.6   90.4   65.7   26.0   16.6   8.03   5.23
 15     3.77   2.45   3.01   3.68   5.71   16.6   85.5   58.3   24.1   16.5   7.96   5.89
 16     3.77   2.45   2.90   3.58   6.96   18.7   88.3   64.1   24.0   16.3   7.81   4.64
 17     3.72   2.37   2.90   3.53   7.81   17.3   83.4   61.3   28.8   16.2   7.66   4.54
 18     3.58   2.37   3.01   4.11   20.2   17.2   91.5   84.4   26.3   15.6   7.59   4.50
 19     3.53   2.41   2.94   3.77   22.0   31.2   92.9   95.1   24.5   15.0   7.37   4.35
 20     3.43   2.37   2.86   3.72   10.2   23.1   93.6   73.9   23.5   13.8   7.37   4.26
 21     3.38   2.26   2.79   3.72   6.25   21.0   91.5   84.1   22.2   12.7   7.22   4.26
 22     3.38   2.26   2.79   3.68   6.13   21.3   91.5   94.7   20.9   12.1   7.00   4.26
 23     3.34   2.22   2.79   3.68   5.83   20.5   94.7   90.8   20.0   11.3   6.78   4.21
 24     3.24   2.19   2.71   3.53   5.83   19.0   95.1   73.0   20.1   11.3   6.71   4.16
 25     3.20   2.11   2.68   3.82   5.77   18.0   91.8   65.5   23.8   11.1   6.78   4.11
 26     3.16   6.86   2.68   3.87   6.13   16.5   88.6   63.2   34.4   10.9   6.71   4.01
 27     3.13   4.38   2.64   3.96   5.95   16.2   83.8   76.2   26.7   10.9   6.58   4.01
 28     3.13   3.24   2.56   4.70   9.12   17.1   82.4   43.9   24.5   10.5   6.50   4.01
 29     3.13          2.56   5.59   10.8   20.1   72.4   50.2   22.6   10.2   6.37   4.01
 30     3.05          2.56   5.59   9.39   21.5   69.0   46.5   23.5   10.1   6.31   4.35
 31     3.05          3.26          8.86          62.7   42.6          9.73          4.26

Min     3.05   2.11   2.56   3.13   4.87   7.44   41.7   42.6   20.0   9.73   6.31   4.01   2.11
Mean    3.73   2.92   2.95   3.86   7.37   14.6   75.0   66.7   31.0   16.1   7.85   4.91   19.8
Max     4.65   6.86   3.38   5.59   22.0   31.2   95.1   95.1   44.8   22.8   9.56   6.13   95.1

