Station number: 650
Location:       Rasnalu Village                                                   Latitude: 27 34 30
River:          Khimti Khola                                                     Longitude: 86 11 50

Year:           2001

                                    Mean daily discharge in m3/s
                                    ============================

Day     Jan.   Feb.   Mar.   Apr.   May    Jun.   Jul.   Aug.   Sep.   Oct.   Nov.   Dec.   Year
 01     5.95   3.25   2.22   1.97   3.77   20.9   63.4   66.1   72.7   31.9   10.8   6.31
 02     5.05   3.13   2.22   1.69   8.41   27.4   39.2   72.1   71.2   30.8   10.3   6.31
 03     4.54   2.83   2.08   1.58   5.13   41.5   35.7   70.6   69.3   31.5   9.99   6.31
 04     4.54   2.60   2.03   1.52   5.35   58.3   43.1   72.7   68.4   31.5   9.99   6.31
 05     4.26   2.68   2.03   1.49   4.35   79.2   33.9   74.2   65.5   37.9   9.82   5.89
 06     4.11   2.56   1.94   1.61   5.01   62.7   83.9   71.8   64.7   34.2   9.73   6.19
 07     3.96   2.56   1.94   1.61   8.24   54.1   46.6   69.6   62.7   31.5   9.56   6.31
 08     3.82   2.68   1.86   2.12   6.42   34.9   34.9   71.5   60.7   30.9   9.47   6.19
 09     3.72   2.75   1.86   2.13   17.1   39.2   47.3   71.8   60.1   30.4   9.47   6.13
 10     3.68   2.98   1.86   2.00   8.68   37.6   41.6   74.2   58.0   29.5   9.21   6.13
 11     3.53   3.20   1.80   2.03   10.2   48.4   82.6   76.8   55.6   29.2   9.12   6.07
 12     3.53   3.09   1.77   1.86   9.65   50.6   97.2   74.2   52.5   28.5   8.95   5.95
 13     3.43   2.83   1.83   2.16   13.2   76.1   63.6   73.6   47.7   27.8   8.79   5.95
 14     3.48   2.79   1.80   2.12   14.1   70.6    117   72.4   46.5   26.9   8.47   5.95
 15     3.34   2.52   1.97   2.12   15.6   78.1    146   68.1   42.8   26.6   8.47   5.95
 16     3.16   2.52   1.83   2.03   21.2   82.2   45.5   66.6   41.1   26.1   8.25   5.95
 17     3.13   2.64   1.80   2.03   11.9   75.0   45.0   69.6   41.6   25.4   8.25   5.95
 18     3.13   2.56   1.75   2.15   11.3   43.3   47.7   70.6   38.1   24.9   8.03   6.13
 19     3.13   2.56   1.75   2.19   9.08   51.1   49.8   73.0   36.1   24.5   8.03   6.01
 20     3.13   2.41   1.86   2.03   10.1   54.2   48.8   78.4   34.8   24.0   7.81   5.95
 21     3.13   2.45   2.12   1.97   11.9   55.3   51.2   75.5   32.6   22.8   7.81   5.77
 22     2.94   2.22   1.94   2.22   15.9   57.0   52.0    248   31.3   21.0   7.59   5.83
 23     2.98   2.26   1.86   2.09   16.2   99.9   51.2    228   30.8   20.2   7.44   5.65
 24     2.98   2.45   1.77   2.22   23.2   62.7   53.3    196   34.4   19.0   7.30   5.47
 25     2.98   2.26   1.77   2.86   25.6   86.8   53.8    158   33.4   17.6   7.08   5.47
 26     2.90   3.26   1.66   3.36   27.1   55.1   55.1   91.5   33.8   16.7   6.93   5.35
 27     2.86   2.56   1.69   4.21   24.4   54.9   58.0   81.8   32.8   15.8   6.71   5.05
 28     2.83   2.34   1.86   3.58   17.1   69.1   61.0   81.4   32.0   14.8   6.58   4.99
 29     2.98          1.77   4.47   12.4   54.8   74.3   78.4   31.6   14.1   6.43   4.93
 30     3.30          1.80   4.16   26.4   55.1   64.9   76.1   31.6   13.1   6.31   4.75
 31     3.24          1.94          17.9          63.5   73.9          11.7          4.75

Min     2.83   2.22   1.66   1.49   3.77   20.9   33.9   66.1   30.8   11.7   6.31   4.75   1.49
Mean    3.54   2.68   1.88   2.32   13.4   57.9   59.7   91.2   47.1   24.9   8.42   5.80   26.6
Max     5.95   3.26   2.22   4.47   27.1   99.9    146    248   72.7   37.9   10.8   6.31    248

