Station number: 650
Location:       Rasnalu Village                                                   Latitude: 27 34 30
River:          Khimti Khola                                                     Longitude: 86 11 50

Year:           1994

                                    Mean daily discharge in m3/s
                                    ============================

Day     Jan.   Feb.   Mar.   Apr.   May    Jun.   Jul.   Aug.   Sep.   Oct.   Nov.   Dec.   Year
 01     6.72   4.20   3.46   4.02   3.27   9.34   33.9   65.5   52.1   25.8   13.1   8.58
 02     6.72   4.20   3.46   3.95   3.64   8.87   46.2   86.0   52.9   24.2   12.6   8.29
 03     6.49   4.14   3.46   4.08   4.45   8.87   32.3   52.5   73.2   22.5   12.1   7.43
 04     6.25   4.26   3.40   4.14   4.45   9.73   37.9   36.2   55.3   22.5   11.8   13.4
 05     6.09   4.14   3.46   3.95   3.83   8.20   31.7   38.7   48.8   22.9   11.8   11.3
 06     5.78   4.20   3.58   3.77   3.71   6.96   34.7   40.9   46.4   22.5   11.3   13.4
 07     5.46   4.33   3.40   3.58   3.40   11.6    118   44.4   46.6   21.8   11.0   10.0
 08     5.31   4.33   3.40   3.52   3.27   7.91    354   58.9   43.7   20.2   10.8   9.44
 09     5.23   4.08   3.40   3.40   3.40   77.5   86.8   79.0   48.6   19.2   10.4   8.58
 10     5.07   3.95   3.58   3.27   3.52    208   76.7   63.9   49.8   18.2   10.1   9.15
 11     5.15   3.89   4.76   3.12   3.89    529   30.3   68.9   46.3   17.0   9.92   8.58
 12     4.95   3.77   5.10   3.07   4.14   81.5   25.4   62.1   52.6   16.6   9.73   7.19
 13     4.88   3.77   4.70   3.27   3.89   24.6   38.7   62.7   48.8   16.2   9.44   7.19
 14     4.88   3.77   4.33   2.98   3.58   29.2   64.6   60.7   46.6   16.2   9.44   7.19
 15     4.70   3.58   4.14   3.27   3.40   31.5   77.3   59.9   46.1   15.8   9.73   6.96
 16     4.70   3.77   4.45   3.46   3.58   32.0   23.4   58.3   47.4   16.2   9.73   7.43
 17     4.51   3.58   4.14   3.46   3.52   38.8   27.7   47.5   51.5   15.6   9.44   6.96
 18     4.51   3.64   3.89   3.58   3.58   28.2   55.8   48.7   43.0   15.2   9.15   6.96
 19     4.33   3.52   3.58   3.40   3.40   32.5   27.2   50.6   42.6   15.0   9.15   6.96
 20     4.45   3.40   3.71   3.21   4.33   65.5   25.6   50.4   42.6   14.9   8.86   7.43
 21     4.39   3.77   3.46   3.40   3.40   75.4   31.1   76.8   40.0   14.5   9.15   6.96
 22     4.45   3.95   3.46   3.40   4.39   43.0   31.3   65.1   39.3   14.1   9.44   7.19
 23     4.39   4.26   3.40   3.58   3.71   47.8   80.6   63.9   37.4   13.7   9.44   6.72
 24     4.57   3.83   3.21   3.27   5.62   75.5   54.8   68.9   39.8   17.3   8.86   7.19
 25     4.45   3.58   3.21   3.52   4.51   38.6   56.6   73.3   36.2   16.9   8.58   6.72
 26     4.39   3.46   3.07   3.33   7.83   57.3   54.5   63.3   30.7   16.6   8.86   6.96
 27     4.51   3.46   3.07   3.46   5.19   36.0   66.3   59.1   27.7   16.0   8.58   6.96
 28     4.33   3.71   3.02   3.27   5.31   37.4   74.0   58.8   25.4   15.4   8.86   6.72
 29     4.33          3.77   3.07   7.19   42.3   71.2   59.6   25.3   14.8   8.29   6.72
 30     4.14          4.39   3.33   7.19   41.6   64.8   52.4   25.6   14.1   8.29   6.49
 31     4.26          4.14          11.3          57.2   55.6          13.6          6.96

Min     4.14   3.40   3.02   2.98   3.27   6.96   23.4   36.2   25.3   13.6   8.29   6.49   2.98
Mean    4.98   3.88   3.73   3.47   4.51   58.2   61.0   59.1   43.7   17.6   9.93   8.00   23.2
Max     6.72   4.33   5.10   4.14   11.3    529    354   86.0   73.2   25.8   13.1   13.4    529

