Station number: 650
Location:       Rasnalu Village                                                   Latitude: 27 34 30
River:          Khimti Khola                                                     Longitude: 86 11 50

Year:           1993

                                    Mean daily discharge in m3/s
                                    ============================

Day     Jan.   Feb.   Mar.   Apr.   May    Jun.   Jul.   Aug.   Sep.   Oct.   Nov.   Dec.   Year
 01     7.64   5.29   4.45   3.79   15.3   8.11    129    596   47.2   37.2   28.1   16.9
 02     7.35   5.21   4.39   3.85   11.7   7.12   96.4    243   46.5   36.5   28.1   17.3
 03     7.29   5.44   4.15   3.85   10.1   7.82   78.9    210   45.7   36.8   28.1   16.6
 04     6.97   5.29   4.15   3.85   9.94   9.25   64.4    249   45.0   35.9   28.3   17.2
 05     6.74   5.06   4.27   3.73   9.25   8.68   61.5    295   44.8   35.9   27.0   17.4
 06     6.51   5.29   4.21   3.73   9.25   9.15    270    662   43.8   35.3   27.6   17.6
 07     13.3   5.21   4.15   3.60   9.91   9.06    102    329   43.6   35.3   27.2   18.3
 08     6.28   5.06   4.15   3.79   21.3   8.20    128    237   44.8   34.6   26.5   17.7
 09     6.43   4.88   3.97   3.60   53.4   8.40    282    277   46.2   34.0   26.0   17.1
 10     6.20   4.94   3.97   3.79   10.3   9.25    176    268   45.0   34.0   25.6   19.5
 11     6.43   4.88   3.97   3.60   7.64   10.6    118    298    359   33.3   25.5   19.5
 12     6.20   4.88   4.15   5.59   8.49   9.88   94.6    249    157   33.3   25.0   18.2
 13     6.20   4.70   3.97   8.02   7.12   28.1   97.1    210   46.2   32.7   24.6   17.4
 14     6.51   4.70   4.15   6.20   8.20   25.6    246    195   42.2   32.7   24.1   18.0
 15     6.28   4.51   4.33   5.21   8.59   30.6    158    173   41.7   32.1   22.9   17.7
 16     6.20   4.64   4.33   5.37   9.06   42.6    123    161   73.1   31.6   22.2   17.4
 17     6.20   4.64   4.33   5.14   9.25   39.6    104    146   38.5   32.1   21.9   17.6
 18     5.98   4.51   4.15   6.30   8.68    203   98.6    138   36.5   32.1   21.2   16.9
 19     6.05   4.51   4.33   6.66   8.30    587   93.1    134   35.3   31.6   21.0   16.6
 20     6.05   4.33   4.15   6.43   8.02    120    126    103   35.5   31.6   21.3   16.2
 21     5.75   4.33   4.33   8.87   7.92   70.1    142   89.2   35.0   31.0   21.4   16.0
 22     5.82   4.27   4.45   7.82   7.64   55.9    140   84.0   34.4   31.0   21.4   15.6
 23     5.67   4.15   4.33   11.2   7.73    543    127   71.8   38.5   31.8   21.6   15.8
 24     5.52   4.21   4.15   10.7   8.68    164    143   68.4   39.8   31.0   19.6   15.6
 25     5.75   4.64   4.21   8.02   8.59   73.1    164   65.7   41.9   30.4   19.2   14.5
 26     5.52   4.33   4.15   8.59   12.9   83.9    137   62.1   38.2   30.2   18.2   12.1
 27     5.52   4.15   4.33   10.7   8.02   72.2    133   57.5   38.5   29.8   17.6   12.5
 28     5.29   3.97   4.09   11.5   8.40   81.7    209   54.7   40.0   29.5   17.8   11.8
 29     5.29          3.97   11.2   8.30   70.3    172   53.1   38.0   29.3   17.4   9.25
 30     6.28          3.97   8.87   14.8    108    228   52.6   37.6   28.7   17.3   7.12
 31     6.05          3.79          8.02           289   49.0          28.7          6.89

Min     5.29   3.97   3.79   3.60   7.12   7.12   61.5   49.0   34.4   28.7   17.3   6.89   3.60
Mean    6.43   4.71   4.18   6.45   11.1   83.5    146    190   56.7   32.6   23.1   15.7   48.4
Max     13.3   5.44   4.45   11.5   53.4    587    289    662    359   37.2   28.3   19.5    662

