Station number: 650
Location:       Rasnalu Village                                                   Latitude: 27 34 30
River:          Khimti Khola                                                     Longitude: 86 11 50

Year:           2004

                                    Mean daily discharge in m3/s
                                    ============================

Day     Jan.   Feb.   Mar.   Apr.   May    Jun.   Jul.   Aug.   Sep.   Oct.   Nov.   Dec.   Year
 01     4.87   3.63   2.75   2.60   4.40   7.08   25.2   54.8   82.2   71.8   17.0   7.56
 02     4.69   3.63   2.49   2.81   3.72   9.07   32.4   62.4   81.8   65.2   15.9   6.96
 03     4.69   3.48   2.60   2.86   3.96   10.7   32.4   89.2   75.7   55.6   19.7   6.17
 04     4.54   3.38   2.56   2.45   4.06   12.8   34.2   80.7   73.1   45.9   19.2   5.74
 05     4.30   3.43   2.64   2.37   3.82   9.85   31.7   73.9   74.7   48.2   18.7   5.23
 06     3.92   3.24   2.41   2.49   4.40   7.37   32.4   78.1   80.1   45.9   17.8   5.30
 07     3.96   3.16   2.64   3.29   4.59   8.32   33.9   84.1   74.4   43.6   17.4   4.82
 08     3.87   3.20   2.52   2.90   4.16   10.8   38.9   82.8   67.3   44.4   16.1   4.19
 09     4.01   3.16   2.49   2.60   4.35   9.56   49.1   83.8   95.3   43.6   16.5   4.40
 10     4.01   3.13   2.49   2.45   4.35   9.39   62.7    108   84.0   42.9   13.7   4.33
 11     4.11   3.25   2.64   2.56   4.01   7.59   53.3   76.1   87.5   42.4   14.1   3.99
 12     4.30   3.34   2.49   2.68   4.11   9.47   47.2   70.8   72.4   40.8   14.1   3.26
 13     4.16   3.43   2.56   2.83   3.48   8.72   40.7   70.1   76.7   41.5   16.1   3.10
 14     4.30   3.29   2.45   2.45   3.43   9.30   39.4   61.3   64.3   40.1   17.0   3.80
 15     4.30   3.09   2.49   2.37   3.95   9.82   37.3   57.2   61.3   38.9   17.3   4.75
 16     4.30   2.94   2.71   2.37   7.88   11.1   37.1   59.4   57.0   38.7   18.3   5.91
 17     4.45   3.01   2.49   2.34   11.1   11.1   33.4   86.0   54.1   31.8   17.8   6.17
 18     3.24   2.94   2.60   2.49   8.18   11.8   40.9   94.8   52.1   28.8   16.8   7.32
 19     3.20   2.79   3.01   2.64   7.15   15.7   42.4   87.9   54.9   25.2   13.3   7.69
 20     3.09   2.83   2.75   2.37   8.25   21.5   39.6   88.2   51.3   26.7   12.9   15.6
 21     3.63   2.71   2.64   2.49   6.93   24.8   37.9   90.4   54.4   20.9   11.8   15.8
 22     3.48   2.94   2.56   2.64   6.25   32.6   35.7   82.5   51.3   20.1   12.3   8.96
 23     3.29   3.16   2.56   3.20   6.13   20.9   35.9   74.4   52.7   19.5   11.4   13.4
 24     3.63   2.90   2.56   3.38   6.43   20.5   41.8   81.1   49.0   21.3   10.5   8.57
 25     3.82   2.83   2.64   3.25   7.15   19.1   52.3   80.1   51.1   20.4   10.1   7.74
 26     3.72   2.79   2.60   3.29   6.19   18.7   52.5   78.1   50.3   18.7   9.83   7.39
 27     3.72   2.71   2.64   3.43   6.25   20.4   47.9   64.2   46.7   19.2   9.31   13.0
 28     3.68   3.09   2.56   3.48   4.50   19.7   62.9   88.3   44.4   20.6   8.57   7.13
 29     3.68   2.94   2.60   3.58   4.87   20.5   65.2    101   49.8   21.1   8.28   6.61
 30     3.68          2.60   3.96   5.59   19.0   75.2   92.0   52.0   20.4   7.48   8.28
 31     3.53          2.56          6.78          55.9   76.4          18.7          7.48

Min     3.09   2.71   2.41   2.34   3.43   7.08   25.2   54.8   44.4   18.7   7.48   3.10   2.34
Mean    3.94   3.12   2.59   2.82   5.50   14.2   43.5   79.3   64.1   34.9   14.3   7.12   22.9
Max     4.87   3.63   3.01   3.96   11.1   32.6   75.2    108   95.3   71.8   19.7   15.8    108

