Station number: 650
Location:       Rasnalu Village                                                   Latitude: 27 34 30
River:          Khimti Khola                                                     Longitude: 86 11 50

Year:           2008

                                    Mean daily discharge in m3/s
                                    ============================

Day     Jan.   Feb.   Mar.   Apr.   May    Jun.   Jul.   Aug.   Sep.   Oct.   Nov.   Dec.   Year
 01     6.87   5.52   4.56   3.60   4.76   6.46   33.3   60.8   59.4   35.9   15.7   9.11
 02     6.64   5.44   4.20   4.32   4.44   6.57   35.7   64.8   52.4   32.9   13.9   8.83
 03     6.72   5.24   4.68   4.56   4.14   7.35   38.7   78.8   47.1   31.1   13.5   8.56
 04     6.57   5.30   4.50   3.84   4.38   7.13   39.7   81.8   48.1   36.8   13.2   8.38
 05     6.42   4.98   4.44   4.08   5.74   8.41   44.7   70.1   50.1   32.6   14.3   8.47
 06     6.12   4.86   4.56   4.50   4.20   10.9   40.7   69.9   51.4   27.4   13.0   8.29
 07     6.27   4.92   4.50   4.20   5.60   15.8   41.0   80.4   46.4   30.0   13.1   8.02
 08     6.27   5.16   4.26   3.96   4.68   20.4   46.4   80.8   43.1   31.3   12.6   7.74
 09     6.20   4.80   4.26   4.44   5.76   21.4   36.1   68.4   45.7   28.2   12.3   7.65
 10     6.27   5.16   4.32   3.96   6.42   19.0   34.4   75.4   42.2   26.0   12.2   7.47
 11     6.49   5.30   4.38   3.78   5.67   19.0   38.7   68.8   55.8   24.2   11.7   7.32
 12     5.82   4.92   4.26   3.96   6.87   20.1   52.2   67.3   62.5   22.8   11.6   7.40
 13     6.34   4.80   4.32   4.93   5.31   34.2   58.6   73.5   59.7   23.4   11.1   7.24
 14     6.49   4.38   4.02   4.32   4.68   40.1   64.2   70.0   55.0   23.7   11.0   7.09
 15     5.60   4.62   4.14   3.84   5.60   43.6   54.0   74.4   50.1   21.8   10.6   7.17
 16     5.67   4.92   4.02   3.96   5.12   33.3   47.6   78.2   47.9   20.4   10.8   7.17
 17     5.90   4.62   4.08   4.20   5.13   38.7   49.1   73.2   45.0   19.6   10.6   7.02
 18     5.74   4.50   3.84   3.96   5.60   31.9   81.0   76.7   41.4   18.2   10.3   6.80
 19     5.74   4.38   4.56   4.02   5.60   30.9   71.1   77.9   37.4   18.5   10.3   7.02
 20     6.34   4.56   4.14   3.78   5.90   36.8   57.5   63.3   37.0   19.0   10.4   7.24
 21     5.67   4.26   4.26   3.60   5.90   30.2   93.3   73.4   35.4   19.5   9.93   7.02
 22     5.60   4.68   3.96   3.78   5.62   36.5   69.2   83.0   38.7   18.4   9.84   7.02
 23     5.52   4.62   3.78   3.96   5.90   37.3   62.4   77.2   42.8   17.2   9.56   7.02
 24     5.67   4.50   4.62   4.14   6.12   51.2   54.8   76.9   39.4   16.5   9.38   6.80
 25     5.52   4.68   4.08   3.78   6.04   43.6   66.7   90.7   37.8   15.0   9.65   6.57
 26     5.37   4.26   4.02   3.78   6.49   85.7   74.1   94.9   36.3   15.8   9.29   7.19
 27     6.04   4.26   4.08   3.60   6.57    107   53.2   81.7   36.3   15.8   9.11   7.47
 28     5.60   4.56   3.78   3.96   8.47   56.1   54.3   81.3   36.1   15.3   9.02   7.47
 29     5.60   4.26   4.14   4.56   9.11   50.6   71.4   74.7   38.0   14.7   9.11   7.24
 30     5.60          3.96   3.49   6.72   35.2   59.4   64.8   36.5   15.6   8.83   7.24
 31     5.30          3.66          6.42          71.1   67.2          14.7          7.02

Min     5.30   4.26   3.66   3.49   4.14   6.46   33.3   60.8   35.4   14.7   8.83   6.57   3.49
Mean    6.00   4.77   4.21   4.03   5.77   32.8   54.7   74.8   45.2   22.7   11.2   7.49   22.8
Max     6.87   5.52   4.68   4.93   9.11    107   93.3   94.9   62.5   36.8   15.7   9.11    107
