Station number: 650
Location:       Rasnalu Village                                                   Latitude: 27 34 30
River:          Khimti Khola                                                     Longitude: 86 11 50

Year:           1996

                                    Mean daily discharge in m3/s
                                    ============================

Day     Jan.   Feb.   Mar.   Apr.   May    Jun.   Jul.   Aug.   Sep.   Oct.   Nov.   Dec.   Year
 01     6.51   5.52   4.82   4.37   6.57   5.46   33.0   67.7   56.7   29.2   11.0   5.63
 02     6.57   5.30   5.03   4.33   6.02   4.91   28.9   69.3   63.9   27.7   10.8   5.63
 03     6.57   5.13   5.74   4.28   5.57   5.57   26.6   65.2   56.7   25.3   10.5   5.52
 04     6.70   5.13   5.57   4.15   5.35   5.63   22.4   69.3   64.9   25.3   10.0   5.41
 05     7.71   5.08   5.74   4.06   4.91   5.68   22.4   64.9   62.4   20.9   10.2   5.24
 06     7.98   4.91   6.24   4.15   4.73   5.52   29.5   59.5   63.8   20.4   9.79   5.24
 07     7.31   5.02   6.24   4.24   4.82   5.57   32.1   59.8   74.6   19.8   9.55   5.19
 08     6.46   5.08   6.24   4.28   4.78   5.74   33.9   58.1   65.2   19.0   9.06   5.08
 09     6.24   5.24   6.40   4.37   4.69   5.91   47.6   56.7   59.5   21.6   8.58   4.91
 10     6.13   5.13   6.64   4.24   4.55   6.07   41.6   66.8   59.5   17.7   8.31   5.02
 11     5.91   5.13   6.84   4.15   4.51   5.91   97.5   66.5   54.1   16.9   8.11   5.19
 12     5.74   5.13   8.18   3.97   4.28   14.5   57.6   64.1   59.8   16.3   7.91   5.24
 13     6.12   4.91   11.0   3.93   4.37   5.46   58.1   60.9   74.9   15.9   7.57   5.24
 14     6.07   4.87   10.9   3.88   5.11   6.02   61.3   58.1   71.5   14.4   7.17   5.08
 15     6.84   4.78   10.4   3.66   6.02   6.57   69.0   55.9   59.8   13.8   6.40   4.91
 16     6.35   4.78   9.79   3.75   5.96   8.58   82.2   55.9   46.7   13.2   6.40   5.08
 17     6.29   4.69   10.1   3.66   5.41   35.4   92.7   56.4   35.8   11.6   6.24   4.91
 18     6.13   4.64   9.55   3.97   4.91   11.0   73.3   59.5   34.7   12.1   6.24   4.78
 19     5.74   4.82   8.58   4.02   5.24   10.8   63.8   60.4   34.1   11.8   6.40   4.78
 20     5.57   4.69   8.38   3.75   5.30   8.98   67.4   59.2   33.6   12.7   6.18   4.69
 21     5.57   4.91   7.57   3.66   5.35   25.5   73.0   56.7   33.4   12.5   6.24   4.78
 22     5.41   5.08   7.37   3.97   5.46   16.6   72.1   66.8   31.7   12.6   6.07   4.64
 23     5.63   4.82   6.57   4.02   5.41   26.1   67.7   58.1   31.3   12.1   6.07   4.78
 24     5.63   4.91   6.70   4.15   5.02   35.6   62.4   54.1   41.0   11.8   5.91   4.78
 25     5.41   4.64   6.57   4.28   5.13   30.5   65.2   49.0   34.9   11.0   5.91   4.91
 26     5.41   4.78   6.13   4.37   5.02   48.3   68.3   48.5   34.9   10.8   5.91   4.91
 27     5.24   4.78   5.46   4.11   5.57   31.1   56.7   51.6   32.8   10.6   5.91   5.02
 28     5.08   4.69   4.78   3.97   5.19   32.1   59.8   56.7   31.7   10.3   5.74   5.13
 29     5.57   4.87   4.78   3.79   5.24   39.8   58.1   63.9   30.2   10.5   5.80   4.91
 30     5.74          4.64   3.93   5.19   39.3   63.2   61.2   29.7   10.7   5.80   4.78
 31     5.91          4.55          5.10          63.8   56.8          10.8          4.64

Min     5.08   4.64   4.55   3.66   4.28   4.91   22.4   48.5   29.7   10.3   5.74   4.64   3.66
Mean    6.11   4.95   7.02   4.05   5.19   16.5   56.5   59.9   48.8   15.8   7.53   5.03   19.8
Max     7.98   5.52   11.0   4.37   6.57   48.3   97.5   69.3   74.9   29.2   11.0   5.63   97.5

