Station number: 650
Location:       Rasnalu Village                                                   Latitude: 27 34 30
River:          Khimti Khola                                                     Longitude: 86 11 50

Year:           1995

                                    Mean daily discharge in m3/s
                                    ============================

Day     Jan.   Feb.   Mar.   Apr.   May    Jun.   Jul.   Aug.   Sep.   Oct.   Nov.   Dec.   Year
 01     6.56   4.45   3.40   3.40   3.77   6.64   46.4   72.9   58.1   28.1   15.0   8.38
 02     6.72   4.33   3.21   3.27   3.64   6.33   56.1   77.1   52.8   26.8   12.8   8.04
 03     6.49   4.26   3.27   3.16   3.52   6.33   61.6   66.0   43.9   28.6   12.8   9.45
 04     6.56   4.20   3.52   3.12   3.27   6.96   56.1   61.6   39.1   28.7   12.5   9.86
 05     6.33   4.39   3.27   3.12   3.12   8.79   54.8   56.9   38.9   26.0   11.9   11.0
 06     6.33   4.20   3.27   3.16   3.12   11.7   47.3   62.2   39.5   26.3   16.3   8.58
 07     6.25   4.08   3.21   3.16   3.12   12.8   61.3   62.1   34.7   26.1   16.4   8.24
 08     6.01   4.26   3.40   3.12   3.07   14.4   70.7   63.0   33.8   27.1   13.0   8.04
 09     6.33   4.08   3.12   3.12   3.27   22.2   69.4   62.7   32.3   26.8   18.4   7.57
 10     6.09   4.02   3.21   3.16   3.40   25.4   57.5   58.0   35.8   26.9   38.1   7.78
 11     6.17   3.95   3.07   3.21   8.86   27.7   63.9   66.6   33.2   25.6   12.4   7.51
 12     5.94   4.02   3.16   3.07   21.4   34.7   57.5   58.0   37.4   28.2   11.5   7.24
 13     5.86   4.08   3.12   3.02   8.77   27.9   88.4    109   33.4   27.3   11.0   7.44
 14     5.62   3.89   3.16   3.02   5.15   22.4   89.8   68.1   35.9   23.7   11.2   7.58
 15     5.70   3.83   3.27   3.02   18.4   22.5   96.4   74.2   27.8   20.8   10.4   7.57
 16     5.38   3.83   3.16   2.98   19.2   21.2   91.1   67.1   26.9   20.3   9.55   7.44
 17     5.15   3.77   3.22   2.98   39.5   21.8   70.1   62.7   35.1   19.5   9.23   7.17
 18     5.23   3.64   3.21   2.98   39.2   23.9   78.1   58.5   30.2   15.8   9.31   6.70
 19     5.46   3.58   3.12   2.83   33.0   23.4   87.3   53.6   29.2   16.9   9.14   6.57
 20     5.31   3.64   3.12   2.98   30.5   22.4   71.0   66.6   28.7   15.6   9.23   6.57
 21     5.15   3.52   3.07   3.02   26.4   20.7   68.1   75.8   28.2   16.2   8.58   6.57
 22     5.09   3.52   3.16   3.07   20.1   21.2   64.5   73.0   27.8   16.6   8.66   8.38
 23     4.82   3.46   3.21   2.98   15.4   20.1   58.8   66.0   26.0   15.4   8.98   7.17
 24     4.45   3.64   3.12   2.98   9.84   19.6   52.4   70.5   26.0   16.2   8.51   6.57
 25     4.51   3.52   3.16   2.98   8.39   19.2   55.0    112   32.1   14.5   8.38   8.18
 26     4.39   3.46   3.52   3.02   8.29   19.8   49.8    104   30.2   14.0   8.74   6.51
 27     4.64   3.52   4.57   2.98   8.00   26.8   63.4   65.7   29.1   14.0   8.45   6.51
 28     4.45   3.21   4.08   5.61   7.43   46.3   53.4   66.9   30.3   12.1   8.45   7.84
 29     4.33          4.02   4.57   7.04   75.9   54.1   77.8   33.9   11.4   8.58   6.57
 30     4.39          3.77   4.02   6.96   44.7   58.0   77.3   30.8   13.8   8.31   6.40
 31     4.33          3.64          6.64          89.1   63.8          13.8          6.24

Min     4.33   3.21   3.07   2.83   3.07   6.33   46.4   53.6   26.0   11.4   8.31   6.24   2.83
Mean    5.48   3.87   3.35   3.24   12.3   22.8   65.9   70.3   34.0   20.7   11.9   7.60   21.8
Max     6.72   4.45   4.57   5.61   39.5   75.9   96.4    112   58.1   28.7   38.1   11.0    112

