Station number: 650
Location:       Rasnalu Village                                                   Latitude: 27 34 30
River:          Khimti Khola                                                     Longitude: 86 11 50

Year:           2005

                                    Mean daily discharge in m3/s
                                    ============================

Day     Jan.   Feb.   Mar.   Apr.   May    Jun.   Jul.   Aug.   Sep.   Oct.   Nov.   Dec.   Year
 01     7.56   6.00   5.03   5.67   4.68   5.58   12.8   71.2   75.7   23.3   17.0   9.83
 02     7.22   6.52   4.82   5.91   5.67   5.23   15.1   71.2    118   23.6   17.4   10.8
 03     6.78   5.91   4.26   5.44   5.16   5.30   20.1   68.8    103   22.4   16.5   10.1
 04     6.52   5.91   4.89   4.96   4.89   5.44   20.9   67.9   94.7   21.4   16.1   9.31
 05     8.57   5.82   4.89   5.16   4.54   5.58   18.7   65.5   95.1   19.6   14.8   8.89
 06     6.96   5.44   4.82   5.51   5.03   5.30   19.6   73.1   88.9   25.3   13.0   8.57
 07     6.96   5.74   5.44   5.37   5.23   6.52   20.4    103   63.8   33.4   9.83   8.26
 08     6.00   5.44   5.23   5.23   5.23   5.37   23.4   75.7   48.2   31.4   10.5   10.8
 09     6.35   5.91   4.61   4.75   5.30   5.10   27.6   75.4   51.9   25.6   9.83   7.56
 10     7.30   6.35   4.40   4.68   4.96   7.16   27.4   57.5   51.4   25.2   9.10   7.82
 11     6.78   6.43   5.03   5.60   4.89   9.12   85.3   64.0   55.2   22.8   8.57   8.26
 12     6.26   7.22   5.67   5.23   4.68   6.49   53.0   93.0   57.2   20.5   8.89   8.09
 13     6.35   6.96   6.43   5.67   4.68   6.36   60.6   98.2   54.4   17.1   10.1   7.74
 14     8.47   6.26   5.91   5.74   5.44   6.36   56.3    105   50.6   15.9   10.9   7.91
 15     6.69   6.43   5.37   5.37   5.91   7.76   56.3   97.1   36.2   15.6   10.9   7.91
 16     6.08   6.17   4.89   5.44   5.74   10.5   56.1   75.1   34.7   15.8   10.8   8.00
 17     7.23   5.44   5.03   5.18   5.10   7.91   55.8   78.7   33.7   15.3   10.1   9.31
 18     8.23   4.96   5.16   4.06   4.82   5.58   57.2   76.1   32.1   15.2   8.78   9.20
 19     7.22   5.30   5.67   4.40   4.75   5.91   60.3   75.4   28.6   19.0   9.52   8.28
 20     6.08   5.30   5.82   4.61   5.67   9.27   65.5   86.4   32.4   19.0   10.5   6.08
 21     6.17   5.23   5.23   4.12   5.23   33.1   64.6   86.0   35.3   19.0   11.4   6.00
 22     7.13   5.03   4.40   5.37   5.03   30.5   80.6   80.8   33.4   18.6   10.8   6.08
 23     6.35   5.16   4.61   5.91   6.36   13.7   69.8   79.7   31.6   18.7   10.2   6.17
 24     6.69   5.58   5.23   5.74   5.23   29.6   64.9   77.0   29.7   18.6   9.31   6.69
 25     7.39   5.23   5.44   5.75   5.03   20.2   58.0   82.6   26.9   18.1   10.0   6.69
 26     6.08   5.23   5.58   5.15   5.58   13.0   65.2   70.6   25.2   17.3   9.93   6.96
 27     9.10   5.03   5.03   4.68   5.16   11.8   65.5   68.6   23.6   17.3   9.31   7.39
 28     6.35   4.54   5.44   4.68   5.44   12.3   67.9   66.0   23.6   17.0   8.78   8.00
 29     6.43          5.44   4.89   5.74   13.8   66.4   68.6   23.6   16.7   8.26   8.89
 30     6.08          4.82   4.89   6.43   12.2   71.2   78.7   22.8   17.1   8.89   9.41
 31     6.61          5.03          5.37          66.4   76.4          15.9          8.89

Min     6.00   4.54   4.26   4.06   4.54   5.10   12.8   57.5   22.8   15.2   8.26   6.00   4.06
Mean    6.90   5.73   5.15   5.17   5.26   10.7   50.1   77.9   49.4   20.1   11.0   8.19   21.3
Max     9.10   7.22   6.43   5.91   6.43   33.1   85.3    105    118   33.4   17.4   10.8    118

