Station number: 650
Location:       Rasnalu Village                                                   Latitude: 27 34 30
River:          Khimti Khola                                                     Longitude: 86 11 50

Year:           1999

                                    Mean daily discharge in m3/s
                                    ============================

Day     Jan.   Feb.   Mar.   Apr.   May    Jun.   Jul.   Aug.   Sep.   Oct.   Nov.   Dec.   Year
 01     6.07   5.08   4.20   3.57   3.36   12.3   37.2   43.2   62.9   42.8   25.0   9.79
 02     6.07   4.91   4.15   3.46   6.29   8.58   31.1   37.0   62.4   43.6   23.2   8.58
 03     5.91   4.91   3.97   3.36   3.79   8.31   33.9   39.9   70.2   38.9   21.4   8.58
 04     5.91   4.91   3.97   3.25   3.57   8.18   31.2   40.6   64.6   41.0   19.4   8.58
 05     5.91   4.91   4.11   3.36   3.70   8.18   38.9   41.9   63.2   42.0   19.0   8.45
 06     5.91   4.91   4.11   3.25   4.20   7.91   32.6   36.6   51.6   40.1   18.7   8.18
 07     5.91   4.91   3.97   3.14   3.84   7.64   30.3   41.0   51.6   39.3   18.2   8.18
 08     5.85   4.91   3.97   3.14   4.28   7.57   32.6   44.3   43.2   40.8   17.9   8.04
 09     5.74   4.64   3.84   3.04   4.55   10.7   28.9   41.8   55.4   39.3   17.1   7.37
 10     5.96   4.78   3.70   3.04   5.02   11.7   44.7   41.7   72.1   38.3   17.1   7.78
 11     5.96   4.64   3.70   3.50   4.91   12.9   64.5   41.6   69.9   37.0   16.8   7.91
 12     5.91   4.64   3.57   3.46   4.15   14.6   58.2   42.1   63.2   36.2   16.8   7.64
 13     5.74   4.64   3.57   3.46   4.06   17.9   45.5   47.6   61.6   35.8   16.4   7.37
 14     5.74   4.64   3.57   3.57   5.52   20.5   39.9   48.5   49.0   36.8   16.1   7.64
 15     5.74   4.55   3.57   3.46   5.41   24.7   37.2   43.2   45.5   37.0   15.4   7.37
 16     5.74   4.51   3.57   3.36   5.19   16.6   35.8   41.6   44.6   35.8   15.4   7.37
 17     5.63   4.51   3.70   3.36   4.97   19.6   36.4   46.4   46.4   34.1   15.4   6.97
 18     5.63   4.51   3.70   3.14   4.91   27.4   41.2   46.0   49.5   33.0   15.1   6.97
 19     5.63   4.37   3.57   3.25   4.97   33.0   40.6   52.6   48.5   32.8   15.0   6.97
 20     5.68   4.37   3.57   3.14   5.24   25.8   44.3   56.2   46.9   32.8   14.8   6.57
 21     5.63   4.37   3.57   3.04   5.30   28.2   55.4   56.8   39.5   29.3   14.0   6.70
 22     5.41   4.33   3.46   2.93   6.24   29.9   68.9   58.4   43.6   30.2   14.5   6.84
 23     5.46   4.24   3.46   2.93   23.1   32.6   49.2   61.8   43.9   29.9   13.6   6.57
 24     5.41   4.15   3.46   2.93   10.4   30.2   69.3   65.8   43.6   29.2   13.4   6.70
 25     5.35   4.15   3.46   2.82   11.6   27.8   78.0   62.6   38.3   28.9   13.3   6.84
 26     5.19   4.11   3.43   2.82   14.0   27.8   73.3   69.3   38.1   28.7   12.4   6.46
 27     5.19   4.24   3.39   2.93   15.4   32.4   70.5   62.1   38.5   27.7   12.4   6.24
 28     5.24   4.24   3.36   3.00   20.5   45.9   68.6   61.8   41.0   27.3   11.6   6.24
 29     4.91          3.43   3.04   19.9   21.2   65.2   65.4   39.3   26.8   10.8   6.40
 30     5.02          3.50   2.93   17.5   32.1   62.4   65.8   46.5   25.0   11.0   6.40
 31     5.08          3.57          15.4          58.4   63.5          23.2          6.24

Min     4.91   4.11   3.36   2.82   3.36   7.57   28.9   36.6   38.1   23.2   10.8   6.24   2.82
Mean    5.63   4.57   3.68   3.19   8.11   20.4   48.5   50.5   51.2   34.3   16.0   7.35   21.1
Max     6.07   5.08   4.20   3.57   23.1   45.9   78.0   69.3   72.1   43.6   25.0   9.79   78.0

