Station number: 650
Location:       Rasnalu Village                                                   Latitude: 27 34 30
River:          Khimti Khola                                                     Longitude: 86 11 50

Year:           2000

                                    Mean daily discharge in m3/s
                                    ============================

Day     Jan.   Feb.   Mar.   Apr.   May    Jun.   Jul.   Aug.   Sep.   Oct.   Nov.   Dec.   Year
 01     4.93   4.35   5.47   4.54   4.11   8.03   28.5   42.0   29.2   23.4   9.30   8.18
 02     4.93   4.30   5.47   4.54   4.26   7.44   30.3   41.1   41.1   20.9   9.30   8.03
 03     4.87   4.30   5.47   4.50   4.30   13.4   34.6   50.4   41.6   20.8   9.30   7.88
 04     4.75   4.30   5.47   4.45   4.30   9.65   35.6   50.0   40.9   20.8   9.30   7.88
 05     4.75   4.30   5.47   4.45   4.81   7.74   85.0   46.9   35.4   20.4   9.30   7.66
 06     4.70   4.16   5.47   4.30   4.30   8.93   72.0   44.6   84.2   20.4   9.21   7.59
 07     4.64   4.26   5.47   4.30   6.46   16.9   88.9   42.4    160   20.4   8.95   7.59
 08     4.59   4.11   5.41   4.30   5.38   31.5   44.9   49.3    147   20.0   8.95   7.44
 09     4.59   4.11   5.41   4.30   5.23   27.5   40.9   44.7    133   20.0   8.95   7.44
 10     4.59   4.11   5.41   4.30   5.59   19.0   40.3   39.4    128   19.7   8.95   7.44
 11     5.47   4.06   5.41   4.26   5.05   17.2   39.0   38.2    127   19.5   8.95   7.44
 12     4.93   4.11   5.41   4.16   4.75   16.2   30.8   38.2    114   19.5   8.95   7.44
 13     4.75   4.11   5.41   4.16   11.7   21.2   64.8   40.3    120   19.1   8.95   7.44
 14     4.59   4.01   5.23   4.16   4.59   25.1   64.3   30.3    110   18.6   8.78   7.44
 15     8.57   4.01   5.23   4.16   6.71   17.9   71.8   29.7    134   18.6   8.62   7.44
 16     8.72   4.01   4.87   4.01   5.83   46.9   82.7   28.7   80.7   18.3   8.47   7.44
 17     7.08   3.96   4.69   4.01   5.65   41.1   90.5   38.7   77.2   18.1   8.47   7.44
 18     5.29   3.96   4.69   4.01   6.14   37.5   42.6   40.8   78.7   17.8   8.47   7.44
 19     4.93   3.96   4.59   4.71   6.07   31.2   42.0   44.8    101   17.4   8.32   7.44
 20     4.75   5.06   4.59   4.30   15.6   27.1   38.6   33.0    101   17.1   8.32   7.44
 21     4.70   5.47   4.54   4.99   9.91   22.1   68.8   39.1   84.4   15.6   8.32   7.44
 22     4.70   5.47   4.54   7.59   5.23   20.1   82.1   58.6   78.7   12.8   8.32   7.59
 23     4.70   5.47   4.54   7.30   15.4   18.9   42.3   78.5   70.9   11.6   8.32   7.59
 24     4.54   5.47   4.54   5.74   8.72   18.4   35.9   46.1   61.3   9.91   8.32   7.59
 25     4.54   5.41   4.54   4.45   20.2   17.8   33.6   38.9   52.0   9.73   8.18   7.59
 26     4.59   5.41   4.54   4.30   9.58   16.8   32.8   31.1   44.7   9.56   8.18   7.52
 27     4.45   5.41   4.54   4.30   11.1   27.8   36.9   22.6   36.0   9.56   8.18   7.44
 28     4.54   5.41   4.54   4.30   8.98   32.6   33.2   24.2   32.2   9.30   8.10   7.44
 29     4.45   5.41   4.54   4.11   7.81   47.6   38.3   24.6   30.6   9.30   8.10   7.44
 30     4.40          4.54   4.11   12.7   30.3   35.6   26.2   27.5   9.30   8.10   7.44
 31     4.40          4.54          10.9          42.7   29.0          9.30          7.44

Min     4.40   3.96   4.54   4.01   4.11   7.44   28.5   22.6   27.5   9.30   8.10   7.44   3.96
Mean    5.05   4.57   4.99   4.57   7.79   22.8   50.0   39.8   80.1   16.3   8.66   7.55   21.0
Max     8.72   5.47   5.47   7.59   20.2   47.6   90.5   78.5    160   23.4   9.30   8.18    160

