Station number: 650
Location:       Rasnalu Village                                                   Latitude: 27 34 30
River:          Khimti Khola                                                     Longitude: 86 11 50

Year:           1997

                                    Mean daily discharge in m3/s
                                    ============================

Day     Jan.   Feb.   Mar.   Apr.   May    Jun.   Jul.   Aug.   Sep.   Oct.   Nov.   Dec.   Year
 01     4.60   3.57   3.36   3.57   5.74   4.69   19.0   35.4   28.7   41.6   13.9   7.17
 02     4.51   3.66   3.36   3.66   5.96   4.87   31.5   37.9   30.3   38.9   13.2   6.97
 03     4.64   3.70   3.46   3.79   6.07   5.02   30.4   44.3   36.0   36.2   12.8   6.97
 04     4.73   3.61   3.43   3.79   6.57   5.19   36.8   36.8   33.0   36.0   12.5   6.84
 05     4.91   3.61   3.36   3.70   8.58   5.35   45.5   52.8   49.7   38.7   12.2   6.77
 06     5.08   3.70   3.28   3.79   11.1   5.57   45.5   46.2   31.2   45.4   11.8   6.64
 07     4.91   3.57   3.46   3.88   10.6   5.41   48.8   50.8   31.5   38.9   11.7   6.57
 08     4.91   3.50   3.57   3.97   8.58   5.57   93.6   61.4   46.2   34.3   11.7   6.24
 09     4.73   3.46   3.53   4.02   6.90   5.63   65.5   45.0   36.5   30.0   11.3   6.24
 10     4.64   3.36   3.46   4.11   7.18   5.08   72.1   74.9   30.8   28.4   11.0   6.07
 11     4.55   3.46   3.50   4.24   6.40   5.74   56.7   68.3   41.3   21.9   11.2   5.74
 12     4.60   3.46   3.57   4.24   5.74   5.19   49.1   71.5   54.6   24.6   10.8   5.52
 13     4.64   3.46   3.57   4.24   4.52   5.74   43.2   86.8   49.1   21.8   10.8   5.24
 14     4.64   3.36   3.57   4.24   4.24   5.74   39.9   87.5   84.0   20.1   10.5   5.02
 15     4.73   3.28   3.50   4.37   4.64   5.46   58.8   81.5   80.8   19.0   9.79   4.91
 16     4.51   3.25   3.90   4.28   4.64   4.91   64.9   88.6   62.9   17.4   9.47   5.08
 17     4.42   3.14   3.36   4.11   4.91   6.35   63.8   65.2   68.0   16.9   9.31   4.97
 18     4.33   3.14   3.36   3.97   5.02   14.4   52.8   71.5   59.5   15.9   9.06   4.91
 19     4.24   3.04   3.36   3.84   5.41   12.5   44.3   74.0   50.3   15.6   8.90   5.08
 20     4.15   3.07   3.25   3.75   5.96   9.61   53.9   55.4   49.5   15.4   8.58   5.30
 21     4.11   3.14   3.21   3.75   6.90   8.58   56.7   43.2   47.6   14.8   8.38   5.41
 22     3.97   3.25   3.14   4.20   7.98   6.35   45.5   43.9   46.9   15.0   8.31   5.24
 23     3.88   3.25   3.11   5.46   8.98   17.3   49.1   42.5   45.5   14.7   8.18   5.13
 24     3.84   3.25   3.18   4.91   14.4   34.9   59.5   48.5   43.9   13.8   7.98   4.97
 25     3.97   3.14   3.25   5.24   13.3   34.7   43.3   49.8   43.9   13.5   7.57   4.91
 26     3.75   3.14   3.36   5.80   10.8   32.6   48.0   42.3   42.0   13.0   7.71   5.13
 27     3.84   3.25   3.36   11.3   5.37   20.4   50.3   74.9   42.9   13.1   7.71   5.57
 28     3.70   3.25   3.43   10.5   4.37   17.9   44.8   45.0   44.1   13.0   7.57   5.63
 29     3.70          3.46   13.5   4.64   17.1   65.5   34.3   41.6   12.6   7.37   5.41
 30     3.57          3.46   7.49   4.51   22.5   48.1   33.0   46.2   12.3   7.17   5.24
 31     3.57          3.53          4.37          40.6   30.8          12.2          5.24

Min     3.57   3.04   3.11   3.57   4.24   4.69   19.0   30.8   28.7   12.2   7.17   4.91   3.04
Mean    4.33   3.36   3.41   5.06   6.92   11.3   50.6   55.6   46.6   22.7   9.94   5.68   18.8
Max     5.08   3.70   3.90   13.5   14.4   34.9   93.6   88.6   84.0   45.4   13.9   7.17   93.6

