Station number: 650
Location:       Rasnalu Village                                                   Latitude: 27 34 30
River:          Khimti Khola                                                     Longitude: 86 11 50

Year:           2007

                                    Mean daily discharge in m3/s
                                    ============================

Day     Jan.   Feb.   Mar.   Apr.   May    Jun.   Jul.   Aug.   Sep.   Oct.   Nov.   Dec.   Year
 01     8.65   6.49   7.17   6.49   6.94   6.64   39.8   64.2   59.4   36.5   15.8   9.38
 02     8.38   6.20   7.40   6.27   7.19   6.20   42.8   56.9   71.5   35.7   16.6   9.11
 03     8.11   6.20   7.32   6.04   6.57   6.42   40.6   63.9   89.8   34.0   15.7   12.0
 04     8.29   6.20   7.49   5.97   5.97   7.22   41.9   57.7   79.4   32.1   15.6   9.65
 05     8.29   5.97   7.92   5.97   5.67   9.56   37.2   52.7   94.1   31.5   17.1   9.74
 06     8.11   6.27   7.92   5.74   5.90   9.90   47.6   54.3   88.1   33.7   18.1   8.56
 07     8.56   6.49   7.17   5.60   9.38   7.20   45.7   47.1   78.5   31.7   16.1   8.83
 08     8.83   6.64   6.72   5.74   10.8   7.77   47.6   44.3   71.3   29.8   15.7   9.02
 09     8.47   6.87   6.94   5.37   7.65   7.14   44.2   49.4   70.4   27.3   14.7   9.02
 10     8.11   6.72   6.49   5.60   7.40   8.56   40.1   54.2   85.8   23.9   14.0   8.29
 11     7.83   6.80   7.24   5.90   7.83   7.49   54.2   59.1   54.2   24.1   14.2   8.74
 12     8.20   7.09   6.57   5.82   7.92   11.6   60.5   59.1   55.4   31.8   13.1   8.56
 13     7.92   7.40   6.72   5.44   8.29   18.2   52.2   56.9   71.6   23.3   12.7   8.56
 14     7.56   7.49   7.02   5.37   8.03   22.4   76.4   56.1   63.9   22.5   12.4   8.56
 15     7.56   7.40   6.72   5.16   6.80   25.5   58.8   58.6   56.6   26.7   12.5   8.02
 16     7.32   7.40   6.80   5.30   6.96   18.7   59.1   58.8   49.6   26.2   12.2   7.56
 17     7.49   7.17   6.57   5.22   6.94   22.8   48.9   60.8   45.4   26.5   11.7   7.65
 18     7.24   6.94   6.57   5.44   6.80   27.1   48.4   59.1   54.0   22.2   12.0   7.47
 19     7.56   7.40   6.87   6.27   9.11   30.2   51.3   55.8   52.9   21.2   11.5   7.65
 20     7.32   7.65   6.42   7.96   12.8   34.0   66.6   53.4   64.6   22.8   11.5   7.40
 21     7.56   7.74   6.27   11.7   13.9   24.8   63.6   47.4    105   20.7   11.4   7.56
 22     7.32   7.56   7.32   11.7   12.5   18.7   77.9   45.2    108   20.4   11.4   7.49
 23     7.47   7.24   7.40   10.3   10.1   18.3   60.8   47.6    128   19.5   10.9   7.32
 24     7.74   7.56   7.56   10.2   8.83   26.2   62.4   48.1    126   20.3   10.5   7.56
 25     7.40   7.92   7.24   9.84   8.29   24.1   60.5   45.4    158   21.8   10.9   7.32
 26     7.10   8.11   7.92   9.47   7.26   22.3   48.6   43.3    152   21.4   10.3   7.24
 27     6.80   7.24   7.49   9.11   6.57   30.2   64.7   48.1    133   18.6   10.5   7.40
 28     6.94   7.02   7.02   8.47   6.64   29.4   56.1   56.1   53.4   17.8   10.8   7.10
 29     6.87          6.57   7.74   6.80   24.5   65.1   65.1   43.8   16.9   9.29   6.64
 30     6.94          6.72   7.32   7.19   36.1   72.6   62.2   47.4   16.6   8.47   6.94
 31     6.72          6.72          6.42          61.1   60.2          16.4          7.17

Min     6.72   5.97   6.27   5.16   5.67   6.20   37.2   43.3   43.8   16.4   8.47   6.64   5.16
Mean    7.70   7.04   7.04   7.09   8.05   18.3   54.8   54.6   80.4   25.0   12.9   8.18   24.2
Max     8.83   8.11   7.92   11.7   13.9   36.1   77.9   65.1    158   36.5   18.1   12.0    158
