Station number: 650
Location:       Rasnalu Village                                                   Latitude: 27 34 30
River:          Khimti Khola                                                     Longitude: 86 11 50

Year:           2006

                                    Mean daily discharge in m3/s
                                    ============================

Day     Jan.   Feb.   Mar.   Apr.   May    Jun.   Jul.   Aug.   Sep.   Oct.   Nov.   Dec.   Year
 01     8.57   5.44   3.85   4.06   4.75   16.3   52.1   44.1   49.5   31.4   16.4   9.52
 02     8.89   5.23   3.85   4.40   4.96   17.8   59.4   45.4   43.2   33.7   16.1   9.93
 03     9.20   5.03   3.78   5.16   5.23   12.3   53.7   45.9   43.1   28.6   15.6   9.83
 04     9.83   4.89   3.85   5.65   5.75   12.4   39.6   45.4   45.4   30.0   15.3   10.0
 05     9.52   4.61   3.57   5.91   5.58   11.8   42.0   45.7   41.1   27.8   15.5   9.83
 06     9.52   5.03   3.99   5.51   5.74   13.3   40.8   57.0   45.4   25.4   14.7   9.20
 07     9.41   5.51   4.61   5.58   5.91   14.2   46.4   59.7   46.2   26.1   14.7   9.62
 08     8.57   5.03   4.75   5.65   7.04   18.0   46.2   59.7   43.9   27.3   13.9   9.62
 09     8.00   4.61   4.54   5.91   6.78   21.3   56.5   58.4   59.0   25.6   13.8   9.31
 10     7.91   4.40   4.47   5.51   6.09   45.0   55.8   50.4   45.9   27.8   13.2   8.99
 11     7.48   4.40   6.36   5.58   5.65   27.9   66.1   45.4   48.0   26.5   13.2   8.68
 12     6.69   4.82   7.22   6.17   5.91   22.3   64.9   50.6   53.5   26.5   12.7   8.47
 13     5.74   5.44   6.35   6.69   5.74   22.4   60.1   48.3   93.9   28.2   13.2   8.28
 14     5.58   5.51   5.74   7.39   6.61   21.4   54.4   53.2   57.5   29.2   12.3   8.00
 15     5.91   5.23   5.58   7.82   6.96   15.3   56.1   47.2   85.8   27.8   11.9   7.74
 16     5.65   4.82   5.44   5.74   9.16   16.1   62.5   50.0   57.5   26.7   11.9   7.91
 17     5.37   4.33   5.51   5.67   11.7   15.8   60.1   49.2   51.0   23.5   11.3   7.48
 18     5.03   4.54   5.23   11.4   9.83   15.3   64.6   51.2   55.2   19.5   11.2   6.69
 19     5.37   4.82   5.10   11.2   10.0   15.9   89.2   51.3   42.6   18.0   11.0   6.87
 20     5.65   5.10   5.03   10.9   10.4   15.2   83.8   53.0   49.2   16.7   11.4   6.87
 21     5.44   5.44   4.82   9.20   10.0   14.9   63.0   55.5   46.2   17.1   11.2   6.87
 22     5.23   5.65   4.82   8.89   9.62   20.4   63.0   53.0   40.8   17.3   11.0   7.30
 23     5.03   5.65   4.33   8.68   11.0   32.8   62.2   63.0   44.2   16.7   10.9   7.56
 24     4.82   5.37   4.12   8.26   10.2   29.0   63.0   56.6   36.6   16.5   10.2   7.39
 25     4.61   5.03   3.85   8.09   22.3   36.6   58.0   66.5   33.9   17.0   9.73   7.13
 26     4.61   4.54   3.78   8.26   16.7   38.9   52.1   56.6   34.9   17.0   9.73   6.87
 27     4.96   4.06   3.57   6.36   33.7   38.5   51.6   70.6   32.6   16.5   10.2   6.78
 28     5.03   3.99   3.47   5.37   22.8   38.2   50.6   76.4   34.9   16.2   9.93   6.78
 29     5.23          3.41   4.61   22.4   46.7   45.7   61.8   33.9   15.5   9.62   6.61
 30     5.65          3.57   4.75   22.1   56.1   43.9   57.7   33.0   15.2   9.93   6.52
 31     5.51          3.85          13.4          49.0   54.1          15.5          6.78

Min     4.61   3.99   3.41   4.06   4.75   11.8   39.6   44.1   32.6   15.2   9.62   6.52   3.41
Mean    6.58   4.95   4.59   6.81   10.8   24.1   56.7   54.3   47.6   22.8   12.4   8.05   21.6
Max     9.83   5.65   7.22   11.4   33.7   56.1   89.2   76.4   93.9   33.7   16.4   10.0   93.9

