Station number: 650
Location:       Rasnalu Village                                                   Latitude: 27 34 30
River:          Khimti Khola                                                     Longitude: 86 11 50

Year:           1965

                                    Mean daily discharge in m3/s
                                    ============================

Day     Jan.   Feb.   Mar.   Apr.   May    Jun.   Jul.   Aug.   Sep.   Oct.   Nov.   Dec.   Year
 01     4.83   3.60   3.18   3.46   3.92   6.72   96.4   95.1   44.3   20.2   12.2   5.56
 02     4.65   3.74   3.32   3.60   4.29   6.96   97.8   79.6   48.6   19.7   12.8   6.26
 03     4.65   3.92   3.32   3.32   6.49   6.72   70.2   96.4   42.8   19.7   12.5   6.49
 04     4.65   3.92   3.18   3.05   5.20   5.20   60.7    134   46.0   28.8   11.8   6.03
 05     4.47   3.92   3.18   3.32   4.65   5.01   54.8   79.6   55.8   25.9   11.1   6.03
 06     4.47   3.74   3.18   3.18   4.47   4.47   46.0   70.2   52.0   20.2   11.1   6.00
 07     4.29   3.60   3.18   3.18   4.47   3.92   49.5   65.9   51.2   17.7   11.1   6.00
 08     4.29   3.60   3.05   3.32   4.10   3.92   48.6   64.8   45.2   17.7   10.8   6.49
 09     4.29   3.60   3.05   3.60   3.92   3.74   47.7   77.2   43.5   18.7   9.93   6.49
 10     4.29   3.60   3.05   3.60   3.92   4.29   48.6    107   41.3   18.2   10.0   6.26
 11     4.29   3.46   3.05   3.92   3.92   5.01   51.2    107   44.3   16.2   10.0   6.49
 12     4.10   3.60   2.91   4.29   4.29   5.38   55.8    107   42.8   16.7   10.2   5.79
 13     4.10   3.46   2.91   3.92   3.74   12.5    111   89.7   43.5   14.7   9.64   5.79
 14     4.10   3.46   2.91   3.92   3.60   11.8   58.7   75.9   39.0   15.7   9.05   5.79
 15     4.10   3.46   2.91   3.60   3.92   13.2   46.0   70.2   39.0   16.7   8.18   5.79
 16     3.92   3.46   2.77   3.32   4.29   19.7   46.9   64.8   34.0   15.2   8.18   5.79
 17     3.92   3.46   2.91   3.18   4.29   17.7   48.6   61.6   32.7   14.7   8.18   5.56
 18     4.29   3.32   2.91   3.18   4.65   19.2   55.8   52.9   29.4   14.2   8.18   5.56
 19     3.92   3.46   3.05   3.60   5.01   32.7   61.6   55.8   27.7   15.7   7.42   5.56
 20     4.00   3.46   3.18   3.92   4.83   22.7   52.0   49.5   28.3   13.9   7.42   5.79
 21     4.10   3.32   2.91   3.74   4.10   22.2   46.0   47.7   28.8   13.5   7.19   5.20
 22     3.92   3.32   2.91   3.60   3.92   14.7   42.8   46.9   27.7   14.7   7.19   5.38
 23     4.10   3.18   2.91   3.32   3.92   12.5   42.8   49.5   34.7   13.5   7.42   5.20
 24     3.92   3.32   2.91   3.46   3.32   17.7   54.8   55.8   34.0   12.2   6.96   5.01
 25     3.92   3.32   3.05   3.32   3.46   20.2   52.9   52.9   30.7   12.8   6.72   5.01
 26     3.92   3.32   3.05   3.92   3.60   22.7   68.1   49.5   28.3   12.8   6.26   5.20
 27     3.92   3.46   3.18   3.92   4.29   25.4   62.6   50.0   27.1   12.8   6.26   5.01
 28     3.74   3.32   3.32   3.92   5.01   59.7   68.1   50.3   24.2   12.2   6.03   4.83
 29     3.74          3.32   4.29   4.83   63.7   71.3   48.6   22.7   11.1   5.56   4.83
 30     3.74          3.32   3.92   5.20   70.2   57.7   53.9   21.2   12.8   5.79   4.65
 31     3.74          3.46          6.03          64.8   46.0          12.8          4.65

Min     3.74   3.18   2.77   3.05   3.32   3.74   42.8   46.0   21.2   11.1   5.56   4.65   2.77
Mean    4.14   3.51   3.08   3.60   4.38   18.0   59.3   69.5   37.0   16.2   8.84   5.63   19.4
Max     4.83   3.92   3.46   4.29   6.49   70.2    111    134   55.8   28.8   12.8   6.49    134

