Station number: 650
Location:       Rasnalu Village                                                   Latitude: 27 34 30
River:          Khimti Khola                                                     Longitude: 86 11 50

Year:           1969

                                    Mean daily discharge in m3/s
                                    ============================

Day     Jan.   Feb.   Mar.   Apr.   May    Jun.   Jul.   Aug.   Sep.   Oct.   Nov.   Dec.   Year
 01     6.03   4.83   4.10   4.29   4.65   5.01   16.7   48.6   39.7   28.3   11.5   7.66
 02     6.26   5.01   4.10   4.10   4.29   14.2   19.7   53.9   46.0   27.7   11.1   7.66
 03     6.03   4.83   4.10   3.92   3.74   8.47   21.7   45.2   58.7   26.5   10.8   7.42
 04     6.03   4.83   4.10   3.74   3.92   7.42   22.7   41.3   40.5   25.4   10.5   7.42
 05     5.79   4.65   3.92   3.60   4.10   33.4   25.4   48.6   41.3   24.8   10.8   7.19
 06     6.03   4.65   4.10   3.46   4.29   11.5    143   45.2   36.7   23.2   10.5   7.19
 07     5.79   4.65   3.92   3.60   4.47   10.2   37.5   78.4   42.0   22.7   10.2   7.19
 08     5.79   4.47   3.92   3.92   5.01   19.7   77.2   63.7   43.5   22.2   9.93   6.96
 09     5.56   4.47   4.10   3.92   5.01   10.5   51.2   68.1   57.7   21.2   9.64   7.19
 10     5.56   4.65   4.10   3.92   5.79   12.5   44.3   62.6   46.0   20.2   9.64   6.96
 11     5.38   4.65   3.92   3.92   5.56   9.93   47.7   60.7   48.6   19.7   9.64   6.96
 12     5.56   4.65   3.92   4.29   7.66   8.76   39.7   54.8   42.8   19.2   9.34   6.72
 13     5.56   4.47   3.92   5.38   6.03   7.42   62.6   50.3   42.8   18.2   9.05   6.72
 14     5.56   4.65   3.92   4.65   5.38   6.96   62.6   46.0   46.9   17.7   9.05   6.49
 15     5.56   4.47   3.74   4.29   5.01   8.47   60.7   42.0   42.8   17.2   8.76   6.49
 16     5.56   4.47   3.92   4.83   4.65   7.89   63.7   46.9   39.7   16.7   8.76   6.72
 17     5.56   4.47   4.10   5.20   6.03   14.2   44.3   46.0   46.0   15.7   8.76   6.49
 18     5.38   4.29   4.83   4.29   5.38   17.2   50.3   49.5   50.3   15.2   9.05   6.49
 19     5.38   4.29   5.01   4.10   4.83   15.7   45.2   55.8   43.5   14.7   8.76   6.49
 20     5.20   4.29   4.83   3.92   4.47   15.2   45.2   54.8   43.5   14.7   8.47   6.26
 21     5.20   4.10   4.83   3.92   4.47   68.1   39.7   53.9   46.0   14.7   8.47   6.26
 22     5.20   4.29   4.65   3.92   4.10   34.7   33.4   48.6   41.3   14.7   8.18   6.26
 23     5.20   4.47   4.47   3.74   30.7   32.0   36.7   46.0   41.3   13.5   7.89   6.03
 24     5.20   4.29   4.47   3.74   7.89   34.0   36.7   42.0   38.2   13.5   7.66   6.03
 25     5.20   4.29   4.47   3.60   5.38   52.9   52.9   40.5   34.0   13.2   7.89   6.03
 26     5.20   4.29   4.65   3.60   5.38   44.3   80.8   41.3   39.0   12.8   8.18   5.79
 27     5.01   4.29   4.29   3.74   6.96   23.2   56.8   41.3   39.7   12.5   8.47   5.79
 28     5.01   4.29   4.29   3.60   6.72   18.7   64.8   37.5   32.7   12.2   8.18   5.79
 29     5.01          4.29   3.92   6.26   18.2   68.1   36.0   30.0   12.2   7.89   5.56
 30     4.83          4.10   4.10   9.34   29.4   57.7   46.0   30.0   12.2   7.89   5.79
 31     4.83          4.10          5.79          50.3   47.7          11.8          5.38

Min     4.83   4.10   3.74   3.46   3.74   5.01   16.7   36.0   30.0   11.8   7.66   5.38   3.46
Mean    5.47   4.50   4.23   4.04   6.23   20.0   50.3   49.8   42.4   17.9   9.16   6.56   18.4
Max     6.26   5.01   5.01   5.38   30.7   68.1    143   78.4   58.7   28.3   11.5   7.66    143

