Station number: 650
Location:       Rasnalu Village                                                   Latitude: 27 34 30
River:          Khimti Khola                                                     Longitude: 86 11 50

Year:           1966

                                    Mean daily discharge in m3/s
                                    ============================

Day     Jan.   Feb.   Mar.   Apr.   May    Jun.   Jul.   Aug.   Sep.   Oct.   Nov.   Dec.   Year
 01     4.65   4.10   3.18   2.49   2.35   5.56   85.7   65.9   64.8   17.2   8.47   5.79
 02     4.65   3.92   3.18   2.63   2.25   5.20    117   73.5   62.6   15.7   8.18   5.79
 03     4.65   3.92   3.32   2.63   2.15   4.83   79.6   69.1   56.8   13.5   9.34   5.38
 04     5.01   4.10   3.18   2.63   2.35   9.34   83.3   83.3   60.7   20.2   9.34   5.20
 05     4.65   4.10   3.18   2.35   2.35   6.49   73.5    117   57.7   19.2   8.47   5.20
 06     5.01   3.92   3.05   2.49   2.35   6.03   72.4   79.6   54.8   19.7   7.89   5.01
 07     5.01   4.10   3.18   2.35   6.96   5.01   72.4   83.3   50.3   20.7   8.18   4.83
 08     5.01   4.10   3.05   2.63   3.60   4.65   68.1   70.2   48.6   18.2   8.18   4.83
 09     5.01   3.92   3.18   2.49   3.32   4.29   57.7    104   48.6   20.2   7.66   4.83
 10     5.01   3.92   3.18   2.49   2.91   4.83   46.0    117   49.5   18.2   7.42   4.47
 11     4.83   3.92   3.05   2.63   2.91   4.83   48.6    102   59.7   17.2   7.19   4.29
 12     4.83   3.92   3.05   2.35   3.05   5.38   47.7   85.7   57.7   15.2   7.19   4.47
 13     4.83   4.10   3.18   2.91   2.77   9.93   99.1   89.7   56.8   12.5   7.19   4.29
 14     4.65   4.47   3.05   2.77   3.32   7.42   64.8    111   52.0   12.8   7.42   3.92
 15     4.65   4.10   3.05   2.91   3.05   6.03   58.7   88.4   52.0   12.2   7.19   3.92
 16     4.65   3.92   2.91   2.77   2.91   6.72   58.7    111   68.1   12.2   7.19   3.92
 17     4.65   3.92   2.91   2.49   2.63   8.18   55.8   75.9   54.8   13.2   6.96   3.92
 18     4.65   3.74   2.91   2.49   3.05   19.2   53.9   74.7   48.6   13.2   6.72   3.92
 19     4.47   3.92   2.91   2.49   3.05   9.34   55.8   67.0   47.7   13.5   6.72   3.92
 20     4.47   3.74   3.05   2.35   2.91   14.2   51.2   67.0   50.3   12.8   6.72   3.60
 21     4.29   3.60   2.77   2.49   2.63   14.7   83.3   59.7   47.7   12.2   6.49   3.60
 22     4.47   3.46   2.91   2.49   2.91   11.5   88.4   68.1   42.0   12.2   6.49   3.92
 23     4.29   3.46   2.91   2.49   2.77   21.7    107   88.4   39.7   11.5   6.49   3.46
 24     4.47   3.46   2.91   2.49   2.35   30.0    122    111   34.7   11.5   6.26   3.46
 25     4.29   3.46   2.77   2.25   3.32   28.8    156   74.7   32.7   10.8   6.49   3.46
 26     4.29   3.32   2.91   2.63   5.01   35.4    162   77.2   30.7   11.1   6.03   3.32
 27     4.29   3.18   2.77   2.91   4.47   35.4   79.6   75.9   28.3   10.2   6.03   3.32
 28     4.10   3.32   2.77   2.49   4.83   48.6   92.4   91.1   24.8   9.64   6.49   3.46
 29     4.29          2.77   2.63   4.47   54.8    107   75.9   23.2   9.34   6.03   3.46
 30     4.29          2.77   2.15   3.92   65.9   79.6   69.1   17.7   8.47   5.79   3.60
 31     4.10          2.63          4.47          72.4   67.0          8.47          3.60

Min     4.10   3.18   2.63   2.15   2.15   4.29   46.0   59.7   17.7   8.47   5.79   3.32   2.15
Mean    4.60   3.83   2.99   2.55   3.27   16.5   80.6   83.7   47.5   14.0   7.21   4.20   22.6
Max     5.01   4.47   3.32   2.91   6.96   65.9    162    117   68.1   20.7   9.34   5.79    162

