Station number: 650
Location:       Rasnalu Village                                                   Latitude: 27 34 30
River:          Khimti Khola                                                     Longitude: 86 11 50

Year:           1964

                                    Mean daily discharge in m3/s
                                    ============================

Day     Jan.   Feb.   Mar.   Apr.   May    Jun.   Jul.   Aug.   Sep.   Oct.   Nov.   Dec.   Year
 01     6.26   NA     NA     NA     6.49   5.38   24.8   62.6   63.7   34.0   12.5   6.96
 02     6.26   NA     NA     NA     6.26   6.03   27.1   52.0   58.7   28.3   11.8   6.72
 03     6.03   NA     NA     NA     4.83   8.76   47.7   62.6   55.8   27.7   11.5   6.72
 04     6.03   NA     NA     NA     5.56   7.19   42.8   69.1   60.7   34.0   11.1   6.49
 05     6.03   NA     NA     NA     5.79   5.79   32.7   56.8   52.9   34.7   10.5   6.49
 06     5.79   NA     NA     2.91   4.29   4.83   22.2   50.3   46.0   34.0   9.93   6.26
 07     5.79   NA     NA     3.05   4.29   4.29   23.2   50.3   42.8   31.3   9.64   6.03
 08     5.79   NA     NA     3.18   5.01   3.92   27.7   64.8   69.1   25.4   9.64   6.03
 09     5.79   NA     NA     3.18   4.65   4.47   30.7   72.4   57.7   25.4   9.34   5.79
 10     5.79   NA     NA     3.05   4.83   4.65   35.4   55.8   60.7   22.2   9.34   5.56
 11     6.03   NA     NA     3.05   6.26   4.65   25.4   50.3   50.3   23.2   9.05   5.56
 12     5.79   NA     NA     6.03   5.38   5.01   30.7   47.7   44.3   22.2   8.76   5.56
 13     5.56   NA     NA     3.74   5.01   5.38   47.7   57.7   44.3   23.2   8.76   5.79
 14     NA     NA     NA     4.29   5.01   6.96   61.6   62.6   42.8   21.2   8.47   5.56
 15     NA     NA     NA     4.29   5.38   8.76   75.9    110   47.7   21.2   8.18   5.56
 16     NA     NA     NA     3.46   5.38   8.18   58.7   64.8   46.0   19.7   8.47   5.79
 17     NA     NA     NA     3.18   5.79   8.47   50.3   57.7   43.5   19.7   8.47   5.56
 18     NA     NA     NA     3.18   5.01   9.05   46.9   48.6   50.3   18.2   8.47   5.38
 19     NA     NA     NA     3.05   4.83   8.47   44.3   46.0   52.0   17.7   8.18   5.38
 20     NA     NA     NA     3.18   4.65   12.5   49.5   46.0   46.0   17.2   8.18   5.01
 21     NA     NA     NA     3.18   5.01   19.2   50.3   50.3   58.7   17.2   8.18   5.01
 22     NA     NA     NA     3.32   4.83   24.2    104   49.5   53.9   16.7   8.18   5.20
 23     NA     NA     NA     3.18   5.01   21.7   72.4   62.6   46.0   14.2   7.66   5.38
 24     NA     NA     NA     3.46   4.83   14.7   72.4   57.7   41.3   13.2   7.66   5.20
 25     NA     NA     NA     3.46   4.29   15.7   82.0   45.2   33.4   14.2   7.19   5.01
 26     NA     NA     NA     3.46   4.10   47.7   75.9   41.3   41.3   18.2   7.19   5.20
 27     NA     NA     NA     3.46   3.92   42.0   64.8   39.7   34.0   17.2   6.96   5.20
 28     NA     NA     NA     3.74   3.92   27.7   64.8   46.0   25.9   17.2   7.19   5.01
 29     NA     NA     NA     4.10   4.10   19.7   56.8   52.0   34.7   13.9   6.96   5.01
 30     NA            NA     4.83   4.10   18.7   57.7   64.8   32.7   12.5   6.96   4.83
 31     NA            NA            4.83          69.1   57.7          12.8          4.83

Min     NA     NA     NA     NA     3.92   3.92   22.2   39.7   25.9   12.5   6.96   4.83   NA  
Mean    NA     NA     NA     NA     4.96   12.8   50.8   56.6   47.9   21.5   8.81   5.62   NA  
Max     NA     NA     NA     NA     6.49   47.7    104    110   69.1   34.7   12.5   6.96   NA  

