Station number: 650
Location:       Rasnalu Village                                                   Latitude: 27 34 30
River:          Khimti Khola                                                     Longitude: 86 11 50

Year:           1968

                                    Mean daily discharge in m3/s
                                    ============================

Day     Jan.   Feb.   Mar.   Apr.   May    Jun.   Jul.   Aug.   Sep.   Oct.   Nov.   Dec.   Year
 01     4.83   4.10   3.60   3.74   5.56   4.83   29.4   70.2   38.2   19.2   13.5   7.66
 02     4.83   3.92   3.60   3.92   5.56   5.01   33.4   59.7   41.3   20.7   13.2   7.89
 03     4.83   3.92   3.46   3.74   5.01   6.49   72.4   71.3   40.5   22.7   13.2   8.18
 04     4.83   3.92   3.60   3.60   5.20   5.20   79.6   63.7   46.0   33.4   13.5   7.66
 05     4.65   3.92   3.46   3.46   4.47   7.66   55.8   56.8   44.3    137   13.9   7.42
 06     4.65   3.92   3.46   3.60   4.65   11.5   62.6   44.3   46.9   63.7   13.2   7.42
 07     4.65   3.74   3.46   3.74   4.65   16.2   82.0   64.8   43.5   43.5   12.8   7.42
 08     4.65   3.74   4.29   4.10   4.29   6.96   43.5   60.7   40.5   34.0   12.2   7.42
 09     4.47   3.74   4.10   4.29   3.92   8.18   51.2   62.6   42.8   32.0   11.8   7.42
 10     4.47   3.74   3.92   4.65   4.29   8.18   36.7   60.7   39.7   28.8   12.2   7.19
 11     4.65   3.74   3.92   4.10   4.47   7.66   40.5   54.8   38.2   28.3   11.8   6.96
 12     4.65   3.74   4.47   4.29   4.47   20.2   44.3   49.5   36.7   28.3   11.8   6.96
 13     4.47   3.74   4.10   3.92   4.29   12.2   44.3   46.0   41.3   24.8   11.1   6.96
 14     4.47   3.60   3.92   4.10   3.92   35.4    107   39.7   36.7   23.2   10.5   7.19
 15     4.47   3.60   3.74   3.92   3.92   19.2   62.6   38.2   36.7   22.7   10.2   6.72
 16     4.47   3.60   4.83   3.92   4.47   14.2    134   46.0   45.2   21.2   9.93   6.49
 17     4.47   3.60   4.83   3.92   4.29   22.2   88.4   48.6   40.5   21.7   9.34   6.72
 18     4.47   3.74   6.03   4.10   4.65   39.7    166   56.8   36.7   20.2   9.05   7.42
 19     4.47   3.74   4.65   3.92   6.96   30.0   83.3   58.7   33.4   19.7   9.05   7.19
 20     4.47   3.60   4.10   3.74   7.66   22.2   83.3    174   30.0   19.2   9.05   6.96
 21     4.29   3.74   3.92   3.74   5.01   15.2   70.2    134   27.1   19.2   8.76   6.72
 22     4.29   3.74   3.92   3.92   4.83   18.7   68.1    107   24.2   18.7   8.76   6.72
 23     4.29   3.60   4.10   3.92   4.83   18.7   60.7    189   25.9   18.2   9.05   6.72
 24     4.29   3.60   3.74   4.29   4.47   24.8   60.7    107   24.8   18.7   8.76   6.49
 25     4.10   3.46   3.74   4.10   4.29   16.2   79.6    214   24.2   17.7   8.18   6.49
 26     4.10   3.60   3.74   4.10   4.10   20.2   71.3    127   23.2   16.7   7.89   6.03
 27     4.10   3.60   3.74   5.38   4.47   26.5   82.0   79.6   22.2   16.2   7.89   6.03
 28     4.10   3.74   4.10   4.83   4.65   42.8    189   73.5   21.2   14.2   8.47   6.03
 29     4.29   3.60   4.10   4.65   4.47   25.4    107   65.9   20.2   13.5   8.47   6.03
 30     4.10          3.92   4.65   4.10   21.2   89.7   54.8   19.7   13.2   7.89   5.79
 31     4.29          3.92          4.10          71.3   46.0          13.2          6.03

Min     4.10   3.46   3.46   3.46   3.92   4.83   29.4   38.2   19.7   13.2   7.89   5.79   3.46
Mean    4.46   3.73   4.02   4.08   4.71   17.8   75.8   78.2   34.4   27.2   10.5   6.91   22.7
Max     4.83   4.10   6.03   5.38   7.66   42.8    189    214   46.9    137   13.9   8.18    214

