Station number: 650
Location:       Rasnalu Village                                                   Latitude: 27 34 30
River:          Khimti Khola                                                     Longitude: 86 11 50

Year:           1976

                                    Mean daily discharge in m3/s
                                    ============================

Day     Jan.   Feb.   Mar.   Apr.   May    Jun.   Jul.   Aug.   Sep.   Oct.   Nov.   Dec.   Year
 01     6.38   5.76   4.61   3.97   4.29   14.7   51.2   73.5   70.2   35.4   17.4   7.52
 02     6.38   5.55   4.61   3.81   4.13   27.1   49.5   80.8   61.6   32.7   17.0   7.52
 03     6.38   5.34   4.61   3.81   4.13   21.3   49.5    154   56.8   28.8   16.2   7.52
 04     6.38   5.34   4.77   3.81   4.13   33.4   47.7   68.1   58.7   26.5   15.5   7.26
 05     6.17   5.34   4.61   3.81   3.97   18.6   47.7   52.0   67.0   25.4   15.8   7.26
 06     6.38   6.38   4.45   3.81   3.97   18.6   45.2   67.0   71.3   24.2   15.8   7.26
 07     6.17   5.97   4.61   3.65   3.81   42.8   99.1   73.5   85.7   24.8   15.8   7.00
 08     6.17   5.55   4.61   3.65   4.93   17.8    117   67.0   72.4   23.8   15.8   7.00
 09     6.17   5.34   4.45   3.81   11.2   35.4   99.1   58.7   60.7   23.5   15.8   9.33
 10     5.97   5.14   4.45   3.65   10.2   45.2   89.7   45.2   53.9   23.1   15.5   9.33
 11     5.97   5.34   4.45   3.65   8.55   57.7   87.0   55.8   47.7   22.8   15.5   8.55
 12     5.97   5.14   4.45   3.65   7.52   60.7   73.5   58.7   45.2   22.4   15.1   8.30
 13     5.76   5.34   4.29   3.65   8.04   67.0   64.8   49.5   44.3   22.4   15.1   7.78
 14     5.76   5.34   4.13   3.65   10.2   85.7   60.7   45.2   42.8   21.7   15.1   7.52
 15     5.76   5.14   4.29   3.49   11.2    117   58.7   62.6   41.3   21.3   15.1   9.33
 16     6.59   5.14   4.29   3.49   9.07    107   59.7   61.6   39.7   20.6   9.91   8.81
 17     6.38   5.14   4.29   3.49   11.2   92.4   56.8   78.4   38.2   19.8   9.07   8.30
 18     6.38   5.14   4.29   3.49   7.52   79.6   70.2   71.3   46.0   19.4   9.07   7.52
 19     6.17   4.93   4.29   3.33   7.00   78.4   82.0   64.8   41.3   18.6   8.81   7.26
 20     6.17   4.93   4.29   3.33   6.79   74.7   83.3   49.5   36.7   17.8   8.55   6.79
 21     6.17   4.77   4.29   3.33   6.38   68.1    134   54.8   43.5   17.4   8.55   6.59
 22     5.97   4.77   4.13   3.21   6.17   70.2    117   68.1   45.2   16.6   8.81   6.59
 23     5.97   4.61   4.13   3.33   8.30   63.7   82.0   60.7   46.9   16.6   8.81   6.38
 24     5.97   4.61   4.13   10.2   10.2   60.7    128   52.9   43.5   16.2   8.55   6.17
 25     5.76   4.77   4.29   7.78   8.30   59.7   73.5   71.3   43.5   16.6   8.55   6.17
 26     5.76   4.77   4.13   8.04   6.59   55.8   93.7   63.7   42.0   15.8   8.30   5.97
 27     5.76   4.61   4.13   8.30   13.6   54.8    152   73.5   40.5   15.5   8.30   5.97
 28     5.97   4.61   3.97   5.76   12.2   53.9   92.4   93.7   40.5   15.1   8.04   5.97
 29     5.76   4.77   3.97   4.45   12.2   58.7   63.7   96.4   38.2   15.5   8.04   5.76
 30     5.76          3.97   4.29   10.9   53.9   69.1    124   36.7   15.5   7.78   5.76
 31     5.76          3.97          8.81           127    101          15.5          5.76

Min     5.76   4.61   3.97   3.21   3.81   14.7   45.2   45.2   36.7   15.1   7.78   5.76   3.21
Mean    6.07   5.16   4.32   4.39   7.92   56.5   81.4   70.9   50.1   21.0   12.2   7.23   27.3
Max     6.59   6.38   4.77   10.2   13.6    117    152    154   85.7   35.4   17.4   9.33    154

