Station number: 650
Location:       Rasnalu Village                                                   Latitude: 27 34 30
River:          Khimti Khola                                                     Longitude: 86 11 50

Year:           1979

                                    Mean daily discharge in m3/s
                                    ============================

Day     Jan.   Feb.   Mar.   Apr.   May    Jun.   Jul.   Aug.   Sep.   Oct.   Nov.   Dec.   Year
 01     6.17   4.77   4.29   3.49   4.61   3.81   34.0    160    137   27.7   15.1   9.59
 02     5.97   4.77   4.29   3.65   4.29   3.65   30.0   88.4   52.0   33.4   14.7   7.78
 03     5.76   4.77   4.13   3.97   4.77   3.81   42.0   82.0   47.7   30.7   14.7   7.26
 04     5.76   4.77   4.29   3.97   4.77   3.97   38.2   65.9   44.3   27.7   14.7   7.00
 05     5.76   5.14   4.13   3.81   4.93   4.45   38.2   54.8   50.3   26.5   14.3   6.79
 06     5.76   5.14   4.29   3.65   5.34   4.61   30.0   48.6   46.9   24.2   13.6   6.79
 07     5.55   4.93   4.29   3.49   5.76   5.34   23.8   39.7   42.8   23.1   12.8   6.79
 08     5.55   5.14   4.13   3.49   5.34   4.93   24.8   43.5   79.6   22.8   12.2   6.79
 09     5.55   4.93   3.97   3.49   6.59   4.61   23.8   36.7   65.9   22.0   11.8   6.59
 10     5.55   5.14   3.97   3.33   5.97   4.61   37.5   35.4   55.8   21.3   11.2   6.79
 11     5.55   4.93   4.13   3.49   6.38   10.2   55.8   44.3   46.0   20.6   10.9   6.59
 12     5.34   4.77   3.97   3.81   6.59   6.59   55.8   54.8   42.8   19.8   10.2   6.38
 13     5.34   4.77   3.97   3.81   7.78   7.52   46.0   97.8   42.0   19.0   9.91   6.38
 14     5.34   4.77   3.97   3.81   23.5   6.38   46.0   68.0   39.0   17.8   9.59   6.38
 15     5.34   4.93   3.97   3.81   7.78   8.81   45.2   48.6   36.7   17.0   9.33   6.38
 16     5.14   5.14   4.13   3.81   5.76   9.91   52.9   46.0   36.7   16.6   8.81   6.17
 17     5.14   5.14   4.13   3.97   6.38   7.26   45.2   43.5   52.9   15.8   8.30   6.38
 18     5.34   5.14   3.97   4.13   6.79   7.52   40.5   36.7   71.3   15.5   8.04   6.17
 19     5.14   4.93   3.81   3.97   5.76   24.2   36.7   59.7   49.5   15.5   8.04   6.17
 20     5.14   5.14   3.81   4.13   5.55   10.2   39.7   65.9   42.8   15.1   8.04   5.97
 21     5.14   4.61   3.81   4.29   5.34   10.2   47.7   88.4   36.7   14.7   7.78   5.97
 22     4.93   4.77   3.97   4.61   4.77   15.1   45.2   63.7   37.5   14.7   7.78   5.97
 23     4.93   4.61   3.81   4.45   4.61   18.2   46.9   56.8   36.0   14.7   7.78   5.97
 24     4.93   4.45   3.81   4.61   4.61   17.4   44.3   47.7   34.7   14.3   7.52   6.17
 25     4.93   4.45   3.81   4.29   4.77   21.7   48.6   42.8   33.4   14.3   7.52   5.97
 26     4.93   4.61   3.97   3.97   4.45   25.9   45.2   42.0   31.3   13.9   7.52   5.76
 27     4.93   4.45   3.81   4.29   4.61   31.3    107   41.3   30.7   14.7   7.00   5.76
 28     5.14   4.45   3.65   4.13   4.29   65.9   95.1   46.9   29.4   14.7   7.00   5.76
 29     4.93          3.65   4.13   4.29   48.6   65.9   48.6   28.8   15.1   11.8   5.76
 30     4.93          3.65   4.61   4.13   35.4   63.7    132   28.3   15.5   10.9   5.76
 31     4.93          3.65          3.97          71.3   68.0          15.1          5.76

Min     4.93   4.45   3.65   3.33   3.97   3.65   23.8   35.4   28.3   13.9   7.00   5.76   3.33
Mean    5.32   4.84   3.98   3.95   5.95   14.4   47.3   61.2   47.0   19.2   10.3   6.44   19.2
Max     6.17   5.14   4.29   4.61   23.5   65.9    107    160    137   33.4   15.1   9.59    160

