Station number: 650
Location:       Rasnalu Village                                                   Latitude: 27 34 30
River:          Khimti Khola                                                     Longitude: 86 11 50

Year:           1973

                                    Mean daily discharge in m3/s
                                    ============================

Day     Jan.   Feb.   Mar.   Apr.   May    Jun.   Jul.   Aug.   Sep.   Oct.   Nov.   Dec.   Year
 01     7.00   5.97   5.55   5.76   5.14   8.55   60.7   92.4   46.9   39.7   12.5   10.9
 02     7.00   5.97   5.55   5.55   5.14   8.81   79.6   83.3   49.5   42.0   11.8   10.6
 03     7.00   5.76   5.55   5.76   5.14   17.8   85.7   73.5   48.6   40.5   11.8   10.2
 04     7.00   5.97   5.34   5.76   5.34   28.8   63.7   99.1   93.7   37.5   11.5   9.91
 05     7.00   5.97   5.34   5.76   6.59   34.0   60.7    139   83.3   36.0   11.8   9.59
 06     7.00   5.97   5.34   5.55   5.97   46.0   93.7   78.4   67.0   32.0   11.2   9.33
 07     6.79   5.97   5.97   5.34   6.79   56.8   46.9   75.9   64.8   30.0   10.2   9.07
 08     6.79   5.76   6.38   5.14   6.79   71.3   42.8   69.1   73.5   28.8   9.91   9.07
 09     6.59   5.76   5.97   4.93   10.6   77.2   36.0   74.7   70.2   28.3   9.59   9.59
 10     6.59   5.97   5.97   5.14   9.59    130   55.8    114   62.6   27.1   9.59   9.59
 11     6.59   5.97   5.76   5.34   7.26    107   46.0   85.7   52.9   26.5   9.33   9.33
 12     6.59   5.97   5.76   5.34   8.04   68.0   48.6   78.4   70.2   25.4   9.07   9.07
 13     6.38   5.76   5.76   5.14   13.2   61.6   40.5   64.8    102   32.0   9.07   8.81
 14     6.38   5.76   5.76   5.14   16.6   54.8   50.3   68.0   69.1   27.7   9.59   8.81
 15     6.59   5.76   5.97   5.76   10.6   50.3    217   60.7   62.6   24.8   9.07   8.55
 16     6.38   5.76   5.76   4.93   13.9   52.9   64.8   73.5   68.0   25.4   8.81   8.81
 17     6.59   5.76   5.76   4.93   17.0   62.6   75.9   61.6   55.8   24.2   8.81   8.81
 18     6.38   5.76   5.55   4.93   12.2   83.3   52.0   60.7   49.5   24.2   9.33   8.55
 19     6.17   5.76   5.55   4.93   12.2   43.5    119    119   45.2   22.8   9.91   8.55
 20     6.17   5.55   5.55   4.77   8.04   42.8   67.0    119   40.5   22.4   9.91   8.55
 21     6.17   5.76   5.34   4.93   7.52   51.2   43.5   79.6   36.7   22.4   11.2   8.55
 22     6.38   5.76   5.34   5.55   12.2   41.3   39.7   96.4   41.3   22.4   11.8   8.30
 23     6.17   5.76   5.34   5.14   9.91   44.3   40.5    117   39.0   22.0   12.2   8.30
 24     6.17   5.76   5.14   5.14   16.6   50.3   44.3   69.1   36.7   22.0   11.5   8.30
 25     6.38   5.55   5.14   4.93   20.6   85.7   46.9   49.5   40.5   21.7   10.6   8.04
 26     6.17   5.55   5.14   5.34   11.2   54.8   42.8   48.6   48.6   21.3   11.5   8.04
 27     6.17   5.55   5.14   5.55   13.2   82.0   46.0   46.0   42.8   21.3   11.2   8.30
 28     6.17   5.55   5.14   5.34   15.5    130   48.6   48.6   37.5   19.8   9.59   8.04
 29     6.17          5.14   5.34   12.8    107   41.3   56.8   39.0   16.6   11.5   7.78
 30     5.97          5.14   5.14   10.9   85.7   42.8   49.5   44.3   14.3   11.5   7.78
 31     5.97          5.55          13.6          80.8   46.0          13.9          7.52

Min     5.97   5.55   5.14   4.77   5.14   8.55   36.0   46.0   36.7   13.9   8.81   7.52   4.77
Mean    6.48   5.79   5.54   5.28   10.7   61.3   62.1   77.4   56.1   26.3   10.5   8.86   28.0
Max     7.00   5.97   6.38   5.76   20.6    130    217    139    102   42.0   12.5   10.9    217

