Station number: 650
Location:       Rasnalu Village                                                   Latitude: 27 34 30
River:          Khimti Khola                                                     Longitude: 86 11 50

Year:           1978

                                    Mean daily discharge in m3/s
                                    ============================

Day     Jan.   Feb.   Mar.   Apr.   May    Jun.   Jul.   Aug.   Sep.   Oct.   Nov.   Dec.   Year
 01     7.00   5.14   4.77   4.61   10.9   13.6   64.8    104   39.0   39.7   12.8   10.6
 02     6.79   5.14   4.77   4.77    127   17.4   67.0   89.7   45.2   44.3   13.6   10.2
 03     6.59   5.14   4.77   4.77   14.7   18.6   96.4   83.3   44.3   42.0   13.2   9.91
 04     6.59   4.93   4.61   4.61   18.2   14.3   67.0   96.4   41.3   40.5   13.6   9.33
 05     6.59   5.14   4.61   4.61   11.8   14.7   59.7   97.8   39.7   39.7   14.3   8.81
 06     6.38   5.14   4.61   4.77   8.81   15.8   53.9   89.7   52.9   38.2   13.6   8.30
 07     6.17   5.14   4.61   4.77   9.91   14.7   58.7   82.0   52.0   36.7   12.8   8.30
 08     6.38   5.14   4.61   4.61   9.59   15.8   68.0   80.8   55.8   35.4   13.2   8.04
 09     6.17   5.14   4.61   4.77   9.07   12.2   62.6    110   49.5   34.0   13.2   8.04
 10     6.17   5.14   4.45   4.61   9.59   14.7    146    104   45.2   37.5   12.8   7.78
 11     6.17   4.93   4.45   4.61   10.9   15.8    119    176   44.3   35.4   12.8   7.52
 12     6.38   4.93   7.52   4.93   11.5   19.0   63.7    241   61.6   31.3   12.5   7.52
 13     6.38   4.93   5.55   6.17   13.9   24.8   58.7    137   57.7   25.4   12.2   7.26
 14     6.17   4.77   5.14   6.59   17.8   21.0   57.7   93.7   56.8   23.1   11.8   7.26
 15     6.17   4.77   5.14   9.33   15.5   27.1    210   79.6   51.2   21.0   11.5   7.26
 16     5.97   4.93   4.93   7.52   14.3   33.4    269   74.7   46.9   20.6   11.8   7.00
 17     5.97   4.93   4.93   7.00   18.6   32.7   89.7   99.1   43.5   20.2   11.5   7.00
 18     5.97   5.14   4.77   6.79   24.2   33.4   84.5   69.1   42.0   22.0   11.8   7.00
 19     5.97   5.14   5.34   7.26   20.6   32.7    104   52.0   40.5   21.0   11.2   6.79
 20     5.97   4.93   5.14   8.30   16.6   34.7    101   48.6   38.2   19.0   12.2   6.79
 21     5.76   4.93   4.93   7.00   12.2   45.2   88.4   44.3   55.8   17.8   11.5   6.79
 22     5.76   4.93   4.77   6.79   12.5   71.3   80.8   42.0   52.0   17.0   11.5   6.79
 23     5.76   4.77   4.77   7.26   13.2   72.4   75.9   49.5   50.3   16.2   11.5   6.59
 24     5.76   4.77   4.77   7.26   11.5    141   72.4   51.2   48.6   16.2   11.2   6.59
 25     5.55   4.77   4.93   7.00   12.2   97.8   71.3   60.7   45.2   15.5   11.2   6.59
 26     5.55   4.77   4.77   6.79   17.8   73.5   71.3   51.2   49.5   15.1   11.2   6.38
 27     5.55   4.93   4.61   6.79   19.0   67.0   80.8   48.6   45.2   14.7   11.2   6.38
 28     5.55   4.77   4.45   7.26   13.6   60.7   93.7   42.8   42.0   14.7   10.9   6.17
 29     5.34          4.45   7.78   11.2   55.8   87.0   39.7   42.0   13.9   10.6   6.17
 30     5.34          4.61   8.30   10.6   68.0    114   45.2   42.0   13.6   11.2   6.38
 31     5.34          4.61          12.2           119   41.3          13.2          6.17

Min     5.34   4.77   4.45   4.61   8.81   12.2   53.9   39.7   38.2   13.2   10.6   6.17   4.45
Mean    6.04   4.97   4.87   6.25   17.4   39.3   92.1   81.5   47.3   25.6   12.1   7.47   28.8
Max     7.00   5.14   7.52   9.33    127    141    269    241   61.6   44.3   14.3   10.6    269

