Station number: 650
Location:       Rasnalu Village                                                   Latitude: 27 34 30
River:          Khimti Khola                                                     Longitude: 86 11 50

Year:           1972

                                    Mean daily discharge in m3/s
                                    ============================

Day     Jan.   Feb.   Mar.   Apr.   May    Jun.   Jul.   Aug.   Sep.   Oct.   Nov.   Dec.   Year
 01     8.04   6.59   5.76   5.97   5.76   7.26   22.4   40.5   42.8   18.2   11.8   9.07
 02     7.78   6.79   5.76   5.76   5.76   7.00   31.3   47.7   47.7   18.6   11.8   8.81
 03     7.78   6.79   5.97   5.55   5.55   7.52   38.2   43.5   82.0   17.8   10.2   8.81
 04     7.78   6.59   6.17   5.34   5.76   8.55   37.5   85.7   99.1   17.0   9.91   8.55
 05     7.52   6.59   6.38   5.76   5.55   7.78   33.4   48.6    122   16.2   9.33   8.55
 06     7.52   6.59   6.79   5.55   5.76   7.00   34.7   68.0   78.4   16.2   9.07   8.55
 07     7.26   6.79   6.17   5.76   7.26   6.79   25.4    119   72.4   17.4   9.07   8.55
 08     7.26   6.59   5.97   5.34   7.78   7.26   32.0    111   69.1   17.4   8.81   8.30
 09     7.26   6.79   5.97   5.76   7.00   6.59   33.4   79.6   60.7   16.2   9.91   8.55
 10     7.52   6.59   5.76   6.17   6.79   6.79   28.3   63.7   53.9   15.8   9.33   8.30
 11     7.26   6.79   5.76   6.38   6.38   6.79   60.7   71.3   46.0   15.5   9.33   8.04
 12     7.52   6.59   5.76   5.97   6.59   7.00   31.3   45.2   42.8   14.7   8.81   8.04
 13     7.26   6.38   5.55   6.17   6.59   12.8   25.4   64.8   36.7   13.9   9.07   8.55
 14     7.26   6.38   5.97   5.97   7.00   10.9   25.4   96.4   35.4   13.6   9.33   8.04
 15     7.00   6.59   5.76   6.38   7.78   8.81   65.9   99.1   35.4   12.8   9.07   8.04
 16     7.26   6.38   5.55   6.17   6.59   8.04   41.3   49.5   34.7   13.6   9.07   8.04
 17     7.26   6.59   5.97   6.38   6.79   11.2   82.0   44.3   38.2   13.2   8.81   8.04
 18     7.00   6.59   5.76   6.38   6.59   12.2   85.7   41.3   36.0   12.8   8.81   8.04
 19     7.00   6.38   5.76   6.17   21.3   15.5   74.7   85.7   34.7   13.2   8.55   7.78
 20     6.79   6.38   5.97   5.97   8.81   18.6   73.5   48.6   34.0   12.8   8.55   7.78
 21     6.79   6.17   5.76   5.97   10.2   27.1   58.7   43.5   35.4   15.8   8.55   7.78
 22     6.79   6.59   5.76   5.76   10.2   28.8   82.0   42.8   36.0   13.9   9.33   7.78
 23     7.00   6.38   5.55   5.76   18.6   16.6   56.8   48.6   33.4   15.1   9.59   7.78
 24     7.26   6.17   5.55   6.17   11.5   16.2   62.6   45.2   30.7   14.3   9.33   7.52
 25     7.00   6.17   5.55   5.97   10.2   20.6    111   42.8   22.0   13.2   9.59   7.52
 26     7.00   6.17   5.76   5.76   11.8   14.7   83.3   46.0   21.3   12.5   9.91   7.52
 27     7.26   5.97   7.26   5.76   13.2   13.9    119   51.2   20.6   12.5   9.33   7.52
 28     7.00   5.97   6.79   5.76   9.59   18.2   70.2   49.5   21.0   12.5   9.33   7.26
 29     6.79   5.97   6.59   5.55   7.78   45.2   60.7   50.3   20.6   12.8   9.33   7.26
 30     6.79          6.17   5.76   8.30   45.2   73.5   49.5   19.4   12.5   9.07   7.00
 31     6.79          5.97          8.04          46.0   46.0          12.5          7.00

Min     6.79   5.97   5.55   5.34   5.55   6.59   22.4   40.5   19.4   12.5   8.55   7.00   5.34
Mean    7.22   6.46   5.97   5.90   8.61   14.4   55.0   60.3   45.4   14.7   9.40   8.01   20.1
Max     8.04   6.79   7.26   6.38   21.3   45.2    119    119    122   18.6   11.8   9.07    122

