Station number: 650
Location:       Rasnalu Village                                                   Latitude: 27 34 30
River:          Khimti Khola                                                     Longitude: 86 11 50

Year:           1974

                                    Mean daily discharge in m3/s
                                    ============================

Day     Jan.   Feb.   Mar.   Apr.   May    Jun.   Jul.   Aug.   Sep.   Oct.   Nov.   Dec.   Year
 01     7.78   6.38   5.55   6.79   7.52   14.3   65.9   65.9   85.7   30.0   15.8   8.81
 02     7.78   6.59   5.55   7.00   7.26   10.2   42.0   70.2   85.7   30.7   15.5   8.81
 03     7.52   6.38   5.76   7.00   6.79   8.30   31.3   83.3   64.8   32.0   15.5   8.81
 04     7.52   6.38   5.76   7.26   6.38   9.07   46.9    110   59.7   31.3   15.1   8.55
 05     7.52   6.38   5.55   6.59   6.59   11.5   34.7    183   53.9   29.4   14.3   8.30
 06     7.26   6.38   5.76   6.79   7.00   14.7   63.7    144   52.0   30.7   14.3   8.55
 07     7.26   6.17   5.76   6.79   6.79   19.8   61.6    107   49.5   30.0   13.6   8.55
 08     7.26   6.17   5.55   7.52   20.2   11.8   40.5    114   48.6   28.3   13.2   8.55
 09     7.26   6.17   5.55   7.00   20.6   10.2   46.0   83.3   45.2   21.0   12.8   8.04
 10     7.26   6.17   5.34   6.79   10.2   10.6   38.2   59.7   43.5   21.0   12.8   8.04
 11     7.52   5.97   5.34   6.59   12.5   10.2   34.7   74.7   42.0   21.0   12.5   7.78
 12     7.26   6.17   5.34   6.79   11.5   10.6   93.7   59.7   39.7   20.2   12.2   7.78
 13     7.00   6.17   5.34   8.04   10.9   9.59   71.3   50.3   43.5   19.8   12.5   7.78
 14     7.00   6.17   5.34   7.26   10.2   23.5   42.8   49.5   42.0   20.2   12.2   7.52
 15     6.79   6.17   5.34   8.81   9.59   15.5   61.6   46.0   39.7   20.6   11.8   7.52
 16     6.79   6.17   5.34   7.52   8.81   30.7   53.9   42.8   36.7   20.6   11.5   7.78
 17     7.00   5.97   5.34   7.00   8.55   21.3    128   46.0   39.7   20.2   11.2   8.04
 18     6.79   5.97   5.34   6.59   7.52   25.9   68.0   46.0   37.5   19.4   10.9   7.78
 19     6.79   5.97   5.14   6.38   7.26   25.4   99.1   44.3   40.5   19.8   10.6   7.52
 20     6.59   5.97   5.14   6.79   7.00   60.7    110   59.7   36.7   19.4   10.2   8.04
 21     6.79   5.97   5.14   6.59   6.59   36.7   82.0   58.7   35.4   19.4   10.2   8.04
 22     6.79   5.76   5.34   6.38   6.79   32.0    117   60.7   34.7   19.4   9.91   7.78
 23     6.79   5.76   5.14   6.38   7.00   23.8   85.7   75.9   33.4   19.4   9.59   7.52
 24     6.59   5.76   5.14   6.38   6.79   18.6   64.8   60.7   33.4   18.6   9.91   7.26
 25     6.79   5.76   5.97   6.17   7.00   16.6   50.3   53.9   30.0   18.6   9.91   7.26
 26     6.79   5.55   7.00   5.97   6.79   16.2   67.0   48.6   32.7   18.2   9.91   7.26
 27     6.79   5.55   6.79   7.52   6.59   14.3    119   55.8   30.7   17.8   9.59   7.00
 28     6.59   5.55   6.79   12.2   6.59   21.3   96.4    117   30.7   18.2   9.91   7.00
 29     6.59          6.79   9.59   7.52   23.1   69.1   78.4   30.0   17.4   9.33   6.79
 30     6.59          7.26   9.07   21.3   16.6   67.0   73.5   32.0   16.2   9.07   6.59
 31     6.59          6.79          10.9          70.2   63.7          15.5          6.59

Min     6.59   5.55   5.14   5.97   6.38   8.30   31.3   42.8   30.0   15.5   9.07   6.59   5.14
Mean    7.02   6.05   5.72   7.25   9.26   19.1   68.5   73.8   43.7   22.1   11.9   7.79   23.5
Max     7.78   6.59   7.26   12.2   21.3   60.7    128    183   85.7   32.0   15.8   8.81    183

