Station number: 650
Location:       Rasnalu Village                                                   Latitude: 27 34 30
River:          Khimti Khola                                                     Longitude: 86 11 50

Year:           1971

                                    Mean daily discharge in m3/s
                                    ============================

Day     Jan.   Feb.   Mar.   Apr.   May    Jun.   Jul.   Aug.   Sep.   Oct.   Nov.   Dec.   Year
 01     8.04   6.59   6.79   6.38   8.81   14.7   49.5   52.0   56.8   21.3   16.6   9.91
 02     7.78   6.79   6.17   6.17   8.30   11.2   58.7   46.0   52.9   21.0   16.6   9.59
 03     7.78   6.79   5.97   5.97   8.81   16.6   96.4   63.7   52.0   21.0   17.0   9.59
 04     7.78   6.79   5.97   5.97   9.33   12.8    107   63.7   50.3   21.3   17.0   9.33
 05     7.78   6.79   5.97   6.17   8.81   10.2   92.4   69.1   68.0   20.6   16.6   9.33
 06     7.78   6.79   5.97   6.17   8.81   21.7   83.3   55.8   99.1   19.8   17.0   9.07
 07     7.52   6.79   5.76   6.17   9.59   20.6   79.6   65.9   89.7   19.4   16.6   9.07
 08     7.52   6.59   5.76   6.38   9.33   36.7   91.1   71.3   70.2   19.4   16.2   8.81
 09     7.52   6.59   5.76   7.26   8.04   44.3   88.4   58.7   58.7   18.6   15.8   8.55
 10     7.52   6.59   5.97   6.38   12.2   51.2   58.7   51.2   46.0   18.6   15.5   8.55
 11     7.26   6.38   5.97   6.79   8.81   49.5   59.7   69.1   37.5   19.8   15.8   8.30
 12     7.26   6.38   5.97   10.2   11.5   46.0   56.8   52.9   36.0   17.4   15.1   8.04
 13     7.26   6.38   5.97   7.52   9.59    116   51.2   61.6   32.0   25.4   13.6   8.30
 14     7.52   6.59   5.97   7.78   9.91   54.8   46.0   56.8   30.7   23.1   15.5   8.55
 15     7.26   6.38   5.97   6.59   11.8    160   48.6   82.0   28.8   23.8   15.5   8.81
 16     7.26   6.17   5.76   6.79   11.2    119   44.3    117   28.3   24.8   15.8   9.33
 17     7.52   6.38   5.97   6.79   9.91   58.7   42.0   88.4   32.7   24.0   15.5   9.33
 18     7.26   6.38   5.97   7.00   11.2   41.3   42.0   88.4   30.7   23.5   15.5   9.07
 19     7.26   6.17   5.97   6.79   10.9   38.2   42.8   92.4   28.3   22.4   14.7   8.81
 20     7.00   6.17   5.76   6.79   11.2   49.5   42.8   84.5   28.3   22.0   12.5   8.81
 21     7.00   5.97   5.76   7.00   15.8   40.5   41.3   74.7   32.7   21.3   12.2   8.55
 22     7.00   6.17   5.97   7.26   10.2   35.4   34.7   68.0   35.4   21.0   11.8   8.04
 23     7.00   6.17   5.76   9.91   10.6   60.7   83.3   58.7   30.7   21.0   11.5   8.81
 24     7.26   6.38   5.55   8.55   9.59   32.0   46.9   68.0   30.0   20.2   10.9   8.55
 25     7.00   6.17   5.55   8.04   10.2   96.4   75.9   52.9   31.3   19.4   10.9   8.30
 26     7.00   6.38   5.55   8.04   10.6    114   42.0   43.5   29.4   19.4   10.6   8.55
 27     7.00   6.38   5.55   7.52   10.9   48.6   49.5   43.5   28.3   18.2   10.6   8.55
 28     6.79   6.17   8.30   9.59   10.6   37.5   38.2   42.8   27.1   17.0   10.6   8.30
 29     6.79          6.59   9.07   13.6   83.3   48.6   55.8   23.8   17.4   10.2   8.30
 30     6.79          5.97   9.07   17.8    110   88.4   55.8   23.1   17.0   10.2   8.04
 31     6.59          7.26          19.4          65.9   58.7          17.0          8.04

Min     6.59   5.97   5.55   5.97   8.04   10.2   34.7   42.8   23.1   17.0   10.2   8.04   5.55
Mean    7.29   6.44   6.04   7.34   10.9   54.4   61.2   64.9   41.6   20.5   14.1   8.75   25.3
Max     8.04   6.79   8.30   10.2   19.4    160    107    117   99.1   25.4   17.0   9.91    160

