Station number: 650
Location:       Rasnalu Village                                                   Latitude: 27 34 30
River:          Khimti Khola                                                     Longitude: 86 11 50

Year:           1970

                                    Mean daily discharge in m3/s
                                    ============================

Day     Jan.   Feb.   Mar.   Apr.   May    Jun.   Jul.   Aug.   Sep.   Oct.   Nov.   Dec.   Year
 01     5.20   4.65   4.65   3.74   3.60   5.20   48.6   70.2   48.6   31.3   14.3   10.2
 02     5.38   4.65   4.47   3.92   3.74   5.56   75.9   77.2   42.0   27.7   13.9   9.59
 03     5.20   4.65   4.47   3.74   3.74   5.56   55.8   85.7   52.0   35.4   13.6   9.59
 04     5.38   4.65   4.47   3.74   3.60   7.42   48.6   80.8   48.6   26.5   12.8   9.59
 05     5.20   4.65   4.29   3.60   3.92   4.47   56.8    107   41.3   26.5   13.2   9.59
 06     5.38   4.65   4.10   3.60   3.92   5.20   67.0   79.6   48.6   27.1   13.6   9.59
 07     5.20   4.65   3.92   3.60   4.29   5.79   64.8   89.7   39.0   25.4   13.2   9.33
 08     5.20   4.47   4.10   3.74   3.60   6.49   72.4    111   36.0   24.8   13.2   9.33
 09     5.01   4.47   4.29   3.74   3.46   9.64   60.7    108   30.7   24.2   12.8   9.33
 10     5.01   4.47   4.47   3.74   3.32   9.34   68.0    108   32.7   27.7   12.8   9.07
 11     5.20   4.47   5.20   3.60   3.18   12.5   75.9    119   35.4   25.9   12.5   9.07
 12     5.20   4.29   4.47   3.92   3.60   13.2   59.7   88.4   31.3   24.2   12.2   9.33
 13     5.01   4.29   4.47   4.10   3.60   10.8   68.0   82.0   30.7   23.5   11.8   9.07
 14     5.01   4.29   4.10   4.47   4.10   18.2   65.9   80.8   28.8   23.5   12.2   11.8
 15     5.01   4.10   4.10   4.29   30.0   13.5   67.0   96.4   31.3   21.7   11.8   11.8
 16     5.20   4.10   4.29   4.29   65.9   11.8   79.6   70.2   30.7   19.4   11.5   11.5
 17     5.20   4.29   4.10   6.72   8.47   8.47   79.6   70.2   43.5   18.2   11.2   11.8
 18     5.01   4.10   4.10   4.83   7.19   17.7   54.8   59.7   39.7   17.8   11.5   10.2
 19     5.20   4.29   4.10   4.10   8.76   20.7   59.7   92.4   36.7   17.8   10.9   9.07
 20     5.20   4.83   3.92   3.92   4.65   12.5   57.7   48.6   34.0   17.4   10.9   8.55
 21     5.01   4.47   3.92   3.74   4.83   14.2   57.7   69.1   35.4   17.4   10.9   8.30
 22     5.20   4.65   3.92   3.92   5.79   33.4   63.7   53.9   34.0   16.6   10.6   8.30
 23     5.20   4.83   3.92   3.74   5.20   55.8   50.3   46.9   35.4   17.0   10.6   8.30
 24     5.20   4.65   3.92   3.92   5.38   39.0   47.7   49.5   34.0   16.6   10.6   8.30
 25     5.01   4.65   3.92   4.29   5.20   45.2   47.7   54.8   34.7   16.2   10.2   8.30
 26     5.01   4.65   3.92   4.47   5.38   48.6   56.8   46.0   34.7   16.2   10.2   8.04
 27     4.83   4.47   3.92   4.10   6.49   69.1   41.3   48.6   35.4   15.5   9.91   8.04
 28     4.83   4.65   4.10   4.65   5.20    212   53.9   50.3   32.0   15.1   9.91   8.04
 29     4.83          4.29   3.92   4.65   99.1   84.5   64.8   30.7   15.5   9.91   8.04
 30     4.83          4.10   3.74   4.65   99.1   73.5    114   30.7   14.7   9.91   8.04
 31     4.83          3.74          5.56          80.8   46.0          14.7          7.78

Min     4.83   4.10   3.74   3.60   3.18   4.47   41.3   46.0   28.8   14.7   9.91   7.78   3.18
Mean    5.10   4.50   4.19   4.06   7.58   30.7   62.7   76.4   36.6   21.3   11.8   9.25   22.8
Max     5.38   4.83   5.20   6.72   65.9    212   84.5    119   52.0   35.4   14.3   11.8    212

