Station number: 650
Location:       Rasnalu Village                                                   Latitude: 27 34 30
River:          Khimti Khola                                                     Longitude: 86 11 50

Year:           1977

                                    Mean daily discharge in m3/s
                                    ============================

Day     Jan.   Feb.   Mar.   Apr.   May    Jun.   Jul.   Aug.   Sep.   Oct.   Nov.   Dec.   Year
 01     5.76   4.93   4.13   5.34   7.52   10.2   70.2   71.3   60.7   20.6   17.0   9.59
 02     5.76   4.77   4.13   4.29   6.17   7.52    185   80.8   58.7   20.2   17.0   9.33
 03     5.97   4.77   3.97   10.6   5.76   7.52   97.8   73.5   52.9   19.8   16.2   8.81
 04     5.97   4.77   3.97   4.93   6.59   7.52   64.8   61.6   50.3   19.4   15.5   8.55
 05     5.76   4.77   4.13   6.79   7.00   8.30   48.6   58.7   48.6   19.0   15.1   8.55
 06     5.76   4.61   3.97   8.04   11.2   7.26   45.2   72.4   46.0   19.0   15.1   8.30
 07     5.76   4.45   3.97   7.26   11.8   6.59   40.5   72.4   46.0   18.6   15.1   8.04
 08     5.76   4.45   3.97   19.8   9.33   6.38   60.7   65.9   48.6   18.2   15.1   8.04
 09     5.55   4.45   4.13   9.07   8.30   6.38   72.4   56.8   42.8   18.6   14.3   7.78
 10     5.55   4.45   4.13   6.59   8.30   6.59   80.8   52.0   37.5   17.8   14.3   7.52
 11     5.55   4.29   3.97   5.76   7.52   6.17    122   52.0   38.2   17.4   13.9   7.52
 12     5.34   4.29   3.97   4.93   7.00   8.30    102   97.8   34.0   17.0   13.6   7.26
 13     5.34   4.61   3.81   4.77   6.79   7.52    141   65.9   33.4   17.0   12.8   7.26
 14     5.76   4.45   3.81   5.14   6.79   6.79    108   61.6   32.0   17.8   12.5   7.26
 15     5.55   4.45   3.81   6.17   6.79   7.00   72.4   79.6   30.0   17.4   11.8   7.52
 16     5.55   4.45   3.81   5.97   6.79   8.81   68.0   64.8   30.7   16.6   11.8   7.26
 17     5.55   4.29   3.65   7.00   7.26   8.04   88.4   55.8   28.8   17.0   11.5   7.26
 18     5.55   4.29   3.65   6.38   6.59   10.2    104   47.7   28.8   16.6   11.2   7.26
 19     5.76   4.13   3.81   6.59   6.59   8.81   82.0   44.3   28.3   16.2   11.2   7.00
 20     5.55   4.29   3.65   6.17   6.79   7.26   68.0   42.8   28.8   16.2   10.9   6.79
 21     5.55   4.29   3.81   6.17   6.79   15.5   60.7   39.7   27.7   15.8   10.6   6.79
 22     5.34   4.29   3.65   7.26   6.59   10.2   82.0   52.9   27.1   15.5   10.6   7.26
 23     5.55   4.29   3.65   7.00   6.59   12.8   74.7   60.7   26.5   15.1   10.2   7.26
 24     5.34   4.13   3.81   5.97   7.00   20.2   63.7   72.4   24.2   15.1   10.2   7.00
 25     5.34   4.29   3.81   5.34   7.00   13.9   68.0    127   26.5   15.1   13.2   6.79
 26     5.14   4.29   3.97   8.81   7.00   11.8   58.7    150   27.7   16.6   13.6   6.79
 27     5.14   4.13   4.29   7.26   7.52   12.2   52.9   99.1   23.5   15.8   12.2   6.79
 28     5.14   4.13   4.13   8.30   8.55   20.6   49.5   72.4   22.4   15.8   11.2   7.00
 29     4.93          4.29   7.78   7.52   50.3   78.4   79.6   21.7   15.5   10.6   6.79
 30     4.93          4.29   6.59   6.59   84.5   68.0   69.1   21.0   15.8   10.2   6.79
 31     4.77          8.30          8.81          60.7   64.8          16.2          6.79

Min     4.77   4.13   3.65   4.29   5.76   6.17   40.5   39.7   21.0   15.1   10.2   6.79   3.65
Mean    5.49   4.42   4.08   7.07   7.45   13.5   78.7   69.9   35.1   17.2   13.0   7.51   21.9
Max     5.97   4.93   8.30   19.8   11.8   84.5    185    150   60.7   20.6   17.0   9.59    185

