Station number: 650
Location:       Rasnalu Village                                                   Latitude: 27 34 30
River:          Khimti Khola                                                     Longitude: 86 11 50

Year:           1975

                                    Mean daily discharge in m3/s
                                    ============================

Day     Jan.   Feb.   Mar.   Apr.   May    Jun.   Jul.   Aug.   Sep.   Oct.   Nov.   Dec.   Year
 01     6.59   5.97   5.14   4.29   5.14   6.17   42.8    114   61.6   51.2   19.4   10.6
 02     8.04   5.76   5.14   4.29   4.61   6.38   27.1    102   63.7   46.0   18.6   10.2
 03     7.78   5.76   4.93   4.45   4.61   5.97   46.0   99.1   61.6   46.0   18.2   9.59
 04     7.52   5.55   5.34   4.29   4.77   6.38   41.3   82.0   83.3   46.0   17.4   9.33
 05     7.26   5.76   5.14   4.45   4.45   6.38   38.2    162    367   44.3   16.6   9.07
 06     7.00   5.76   5.14   4.29   5.34   48.6   50.3    119    158   42.8   17.0   8.81
 07     6.79   5.55   4.93   4.29   4.61   34.7   34.7   57.7   79.6   41.3   16.6   8.81
 08     6.59   5.55   4.77   5.34   4.77   32.0   59.7    113   56.8   42.0   15.8   8.55
 09     6.38   5.55   4.77   4.61   4.77   22.4   83.3   99.1   52.9   41.3   15.8   8.30
 10     6.17   5.76   4.61   4.45   4.61   11.8    120   74.7   50.3   40.5   15.8   8.04
 11     6.38   5.55   4.61   4.45   4.93   11.8    152   64.8   63.7   40.5   15.5   7.78
 12     6.17   5.34   4.61   4.61   4.61   10.2    114   57.7   84.5   39.0   15.1   8.04
 13     5.97   5.34   4.61   4.45   17.0   14.3   83.3   64.8   80.8   38.2   15.1   7.78
 14     5.76   5.14   4.61   4.29   17.0   34.7   68.0   75.9   69.1   36.7   14.7   7.52
 15     5.76   5.14   4.61   4.29   5.97   14.7   53.9   85.7   60.7   36.7   14.3   7.78
 16     5.97   5.14   4.61   4.29   6.59   17.8   47.7   62.6   53.9   35.4   13.9   7.52
 17     6.17   5.55   4.61   4.13   6.17   21.3   43.5   48.6   48.6   34.0   13.6   7.52
 18     5.97   6.38   4.45   4.29   5.97   14.7   47.7   47.7   75.9   34.7   13.2   7.52
 19     5.97   6.59   4.45   4.13   5.14   18.6   59.7   44.3   54.8   34.0   12.8   7.26
 20     5.76   6.38   4.45   4.77   5.55   16.2   52.9   41.3   50.3   32.7   12.5   7.26
 21     5.97   6.17   4.61   4.61   5.34   21.3    114   38.2   47.7   31.3   12.2   7.26
 22     6.17   6.17   4.61   5.97   5.14   22.4    148   39.7   47.7   24.8   12.2   7.00
 23     6.17   5.97   4.45   5.76   6.38   39.0    174   49.5   50.3   27.7   11.8   7.00
 24     5.97   5.34   4.61   5.76   6.79   42.8    166   44.3   43.5   24.8   11.8   7.00
 25     5.76   5.55   4.45   5.34   6.79   36.0    172   36.7   45.2   23.8   11.8   6.79
 26     6.38   5.34   4.45   7.26   7.00   36.0    156   41.3    107   22.8   11.8   6.79
 27     6.79   5.34   4.45   6.38   6.59   48.6    134   37.5   97.8   21.3   11.5   6.79
 28     6.17   5.14   4.29   5.14   9.33   67.0    117   52.9   73.5   21.0   11.2   6.59
 29     6.38          4.45   4.93   8.30   56.8    144   53.9   64.8   20.6   10.9   6.59
 30     6.17          4.29   4.93   4.45   49.5    150   48.6   56.8   20.6   10.6   6.59
 31     6.17          4.29          5.76           134   50.3          20.6          6.59

Min     5.76   5.14   4.29   4.13   4.45   5.97   27.1   36.7   43.5   20.6   10.6   6.59   4.13
Mean    6.39   5.66   4.66   4.82   6.40   25.8   92.7   68.0   77.0   34.3   14.3   7.82   29.0
Max     8.04   6.59   5.34   7.26   17.0   67.0    174    162    367   51.2   19.4   10.6    367

