Station number: 650
Location:       Rasnalu Village                                                   Latitude: 27 34 30
River:          Khimti Khola                                                     Longitude: 86 11 50

Year:           1980

                                    Mean daily discharge in m3/s
                                    ============================

Day     Jan.   Feb.   Mar.   Apr.   May    Jun.   Jul.   Aug.   Sep.   Oct.   Nov.   Dec.   Year
 01     5.55   4.45   4.29   3.97   3.81   10.2   60.7    252   70.2   25.4   12.8   8.30
 02     5.55   4.45   4.29   3.81   3.81   6.59   55.8    141   70.2   23.8   12.5   8.04
 03     5.34   4.29   4.45   3.81   3.97   6.38   58.7    105   88.4   23.5   11.8   7.78
 04     5.34   4.29   4.29   3.65   4.13   5.76   52.9    120   88.4   23.1   11.5   7.52
 05     5.34   4.29   4.45   3.65   4.29   5.97   46.0    139   79.6   22.4   11.5   7.26
 06     5.14   4.45   4.29   3.65   4.29   5.76   42.8    119   87.0   22.0   11.2   7.00
 07     5.14   4.45   4.29   3.81   4.45   13.2   40.5   99.1   78.4   22.4   10.6   6.79
 08     5.34   4.45   4.13   3.97   4.45   9.91   39.0   92.4   73.5   22.0   10.2   7.00
 09     5.14   4.29   4.13   3.97   4.45   11.5   36.7   91.1   68.0   21.3   9.91   6.79
 10     5.14   4.45   3.97   3.97   4.29   12.8   31.3   96.4   59.7   21.3   9.59   6.59
 11     5.14   4.45   3.97   4.13   4.45   20.6   29.4    105   52.9   21.0   9.33   6.38
 12     4.93   4.45   3.97   3.97   4.77   14.7   69.1   99.1   45.2   20.6   9.59   6.38
 13     4.93   4.29   3.81   3.81   4.77   22.4    154    107   96.4   20.2   9.07   6.38
 14     4.93   4.45   3.97   3.97   4.77   65.9    134   84.5   42.0   19.8   9.07   6.17
 15     4.93   4.29   4.13   3.81   4.93   70.2    110    130   39.0   19.8   9.07   6.17
 16     4.93   4.13   3.97   3.81   5.14   85.7    156   78.4   44.3   19.0   9.33   6.38
 17     4.77   4.13   3.81   3.65   4.77   71.3    137    122   42.0   19.8   9.07   6.17
 18     4.77   4.29   3.97   3.65   5.55   75.9    139    122   38.2   19.0   9.07   6.38
 19     4.77   4.13   3.81   3.81   8.55    113    152    122   36.0   18.2   8.81   6.17
 20     4.77   4.29   3.65   3.65   6.17    101    116    108   35.4   17.8   8.81   6.17
 21     4.77   4.45   3.97   3.49   8.30   74.7   97.8    101   34.7   17.4   9.07   6.38
 22     4.77   4.45   4.13   3.49   6.59   82.0   88.4    105   35.4   16.6   8.81   6.17
 23     4.61   4.29   4.29   3.65   6.17    114   82.0   97.8   34.0   16.2   8.81   5.97
 24     4.61   4.45   4.45   3.65   5.34   87.0    101   97.8   34.0   17.4   8.55   5.97
 25     4.45   4.29   4.29   3.49   5.14   80.8   84.5   93.7   34.0   16.2   8.55   5.76
 26     4.45   4.29   4.13   3.49   5.55    158    108   99.1   32.0   15.1   8.30   5.76
 27     4.45   4.13   3.97   3.65   4.77    122    135    114   29.4   14.3   8.55   5.97
 28     4.45   4.13   3.97   3.65   4.77   99.1    146   85.7   28.3   14.7   8.30   5.76
 29     4.29   4.13   4.13   3.81   4.93   85.7    168   78.4   26.5   14.3   8.04   5.97
 30     4.45          4.29   3.65   4.93   71.3    152   80.8   27.1   13.9   8.04   5.76
 31     4.45          3.97          18.6           326   77.2          13.6          5.76

Min     4.29   4.13   3.65   3.49   3.81   5.76   29.4   77.2   26.5   13.6   8.04   5.76   3.49
Mean    4.89   4.32   4.10   3.75   5.51   56.8    102    108   51.7   19.1   9.59   6.49   31.4
Max     5.55   4.45   4.45   4.13   18.6    158    326    252   96.4   25.4   12.8   8.30    326

