Station number: 650
Location:       Rasnalu Village                                                   Latitude: 27 34 30
River:          Khimti Khola                                                     Longitude: 86 11 50

Year:           1981

                                    Mean daily discharge in m3/s
                                    ============================

Day     Jan.   Feb.   Mar.   Apr.   May    Jun.   Jul.   Aug.   Sep.   Oct.   Nov.   Dec.   Year
 01     5.97   4.77   4.13   3.81   7.00   7.00   89.7   79.6   55.8   21.0   12.5   8.04
 02     5.97   4.93   3.97   3.81   9.07   6.59   80.8    107   57.7   22.0   12.2   8.04
 03     6.17   4.77   4.13   3.81   8.55   6.38   72.4    102   54.8   22.0   12.2   7.78
 04     5.97   4.77   3.97   3.81   8.81   6.38   72.4    139   50.3   27.1   11.8   7.52
 05     5.76   4.61   3.97   3.65   9.33   6.38   69.1    132   49.5   21.0   11.8   7.52
 06     5.55   4.77   3.97   3.81   18.6   8.04   91.1    156   48.6   19.8   11.5   7.78
 07     5.76   4.61   3.97   3.81   10.2   11.2    101    283   47.7   20.2   11.2   7.52
 08     5.55   4.77   3.97   3.65   11.2   8.30   73.5    304   46.9   19.8   11.2   7.26
 09     5.34   4.61   3.97   3.65   11.2   7.26   70.2    125   46.0   19.0   10.9   7.26
 10     5.55   4.61   3.97   3.81   9.33   7.26   63.7   87.0   47.7   18.6   10.6   7.26
 11     5.34   4.61   3.97   3.65   8.55   6.79   59.7   88.4   45.2   19.0   10.2   7.00
 12     5.14   4.45   4.13   3.81   8.30   6.59   56.8   87.0   44.3   18.6   9.91   7.00
 13     5.34   4.45   3.81   3.81   8.04   7.00   56.8   78.4   42.0   18.2   9.59   7.00
 14     5.34   4.45   3.81   4.93   7.26   6.59    125   77.2   41.3   18.2   9.59   7.00
 15     5.14   4.29   3.81   35.4   6.79   9.91   96.4   74.7   40.5   17.8   9.59   6.79
 16     5.34   4.29   3.97   20.6   6.38   30.7   56.8   68.0   39.7   17.4   9.59   6.79
 17     5.14   4.29   3.97   15.1   6.17   25.4    160    102   39.7   17.0   9.33   6.59
 18     5.14   4.13   3.97   10.9   6.59   17.4    298   91.1   39.0   17.0   8.81   6.79
 19     5.34   4.29   3.97   8.55   5.97   13.6   85.7   96.4   41.3   16.2   8.81   6.79
 20     5.14   4.13   4.13   7.26   5.76   18.6   99.1   73.5   38.2   15.8   8.81   6.79
 21     5.14   4.13   4.77   7.78   10.2   30.0   83.3   72.4   36.7   15.5   8.81   6.59
 22     4.93   4.13   4.29   6.79   9.91   34.7    135   68.0   36.7   15.5   8.81   6.38
 23     4.93   4.13   4.45   5.97   18.6   35.4    272   63.7   34.0   15.1   8.55   6.38
 24     4.93   3.97   4.61   5.76   8.55   41.3   85.7   62.6   30.7   15.1   8.81   6.38
 25     4.93   3.97   4.29   5.55   8.30   62.6    104   70.2   29.4   15.5   8.55   6.17
 26     4.77   4.13   4.13   5.34   7.52   57.7   93.7   69.1   34.7   14.7   8.30   6.17
 27     4.77   3.97   3.97   4.77   7.52   50.3    132   65.9   30.7   14.3   8.04   6.17
 28     4.93   4.13   4.13   5.34   7.26   57.7    122   74.7   27.1   13.9   7.78   5.97
 29     4.77          3.97   6.59   7.52   73.5    113   69.1   23.8   13.6   7.78   6.17
 30     4.93          3.81   11.5   7.52    102   99.1   65.9   21.7   13.2   7.78   5.97
 31     4.77          3.97          7.00          87.0   64.8          12.8          5.97

Min     4.77   3.97   3.81   3.65   5.76   6.38   56.8   62.6   21.7   12.8   7.78   5.97   3.65
Mean    5.28   4.40   4.06   7.23   8.81   25.4    103   99.9   40.7   17.6   9.78   6.87   27.8
Max     6.17   4.93   4.77   35.4   18.6    102    298    304   57.7   27.1   12.5   8.04    304

