Station number: 650
Location:       Rasnalu Village                                                   Latitude: 27 34 30
River:          Khimti Khola                                                     Longitude: 86 11 50

Year:           1989

                                    Mean daily discharge in m3/s
                                    ============================

Day     Jan.   Feb.   Mar.   Apr.   May    Jun.   Jul.   Aug.   Sep.   Oct.   Nov.   Dec.   Year
 01     7.26   5.55   5.76   3.81   2.98   15.1    108    269   51.2   41.3   13.2   11.5
 02     7.26   6.38   5.76   3.65   2.98   13.6   95.1    130   50.3   40.5   12.8   11.2
 03     7.26   5.76   5.97   3.10   3.21   14.3    231   93.7   48.6   39.7   12.5   10.9
 04     7.00   5.55   5.97   3.49   3.21   15.8   93.7    119   54.8   39.0   12.2   10.9
 05     7.26   5.55   5.76   3.49   3.33   27.7   89.7    116   62.6   38.2   11.8   10.6
 06     7.26   5.34   5.55   3.49   3.21   21.7    110    144   55.8   38.2   11.5   9.91
 07     7.00   5.55   5.55   3.49   2.98   13.6    124    152   59.7   32.7   11.8   10.2
 08     6.59   6.17   5.34   3.33   3.10   11.5    166    164   56.8   32.7   11.5   10.2
 09     6.59   5.97   5.14   3.49   2.98   9.59    124    164   58.7   30.7   11.5   10.9
 10     6.38   6.17   5.34   3.33   2.75   9.07    104    189   63.7   26.5   11.2   10.6
 11     6.38   5.97   5.14   3.33   2.75   10.2   74.7    201   59.7   27.1   10.9   10.2
 12     6.38   5.97   4.93   3.33   2.63   10.9   71.3    152   59.7   26.5   11.2   10.2
 13     6.17   5.76   4.93   3.49   2.98   19.0   79.6    152   62.6   27.1   11.2   10.9
 14     6.38   5.76   4.93   3.65   4.29   23.5   93.7    150   61.6   28.3   11.2   10.6
 15     6.17   5.97   5.14   3.65   4.45   35.4   75.9    144   59.7   25.9   10.9   10.2
 16     6.17   5.97   4.93   3.49   4.61   34.7   93.7    139   55.8   24.2   10.9   10.6
 17     6.17   5.97   4.93   3.49   5.14   34.7    107    124   51.2   22.8   10.6   10.6
 18     6.17   5.76   4.77   3.33   12.2   36.0    156    117   46.9   20.6   10.2   10.2
 19     6.17   5.76   4.77   3.21   6.59   48.6    144    108   46.0   20.2   10.2   9.91
 20     6.17   5.97   4.77   3.21   6.38   53.9    152    101   45.2   19.4   9.91   9.91
 21     5.97   5.97   4.61   3.21   9.33   56.8    141   96.4   44.3   19.0   9.59   10.2
 22     5.97   5.76   4.61   3.33   8.81   59.7    148   88.4   45.2   19.0   9.59   10.2
 23     6.17   5.76   4.45   3.49   7.78   69.1    124   79.6   59.7   18.6   9.91   9.91
 24     5.97   5.97   4.45   3.33   14.7   73.5    127    217   47.7   18.2   9.91   9.91
 25     5.97   5.97   4.13   3.21   12.2   73.5    146   71.3   43.5   17.8   10.2   9.59
 26     5.76   6.17   4.13   3.10   9.33   77.2    164   67.0   43.5   17.0   10.2   9.59
 27     5.76   5.97   4.13   3.10   8.55   78.4    158   62.6   42.8   16.6   10.6   9.91
 28     5.76   5.97   3.97   3.21   15.5   93.7    128   82.0   44.3   15.8   10.2   9.59
 29     5.55          3.97   3.33   11.8   88.4    141   62.6   41.3   15.8   10.6   9.91
 30     5.34          3.81   3.10   11.5   85.7    113   58.7   40.5   15.5   10.2   8.55
 31     5.55          3.81          13.6          88.4   53.9          14.7          9.33

Min     5.34   5.34   3.81   3.10   2.63   9.07   71.3   53.9   40.5   14.7   9.59   8.55   2.63
Mean    6.32   5.87   4.89   3.38   6.64   40.5    122    125   52.1   25.5   10.9   10.2   34.4
Max     7.26   6.38   5.97   3.81   15.5   93.7    231    269   63.7   41.3   13.2   11.5    269

