Station number: 650
Location:       Rasnalu Village                                                   Latitude: 27 34 30
River:          Khimti Khola                                                     Longitude: 86 11 50

Year:           1985

                                    Mean daily discharge in m3/s
                                    ============================

Day     Jan.   Feb.   Mar.   Apr.   May    Jun.   Jul.   Aug.   Sep.   Oct.   Nov.   Dec.   Year
 01     6.59   5.14   4.93   4.29   4.29   6.38    146    125    154   43.5   11.8   8.04
 02     6.38   5.14   4.77   4.29   4.77   6.38    113   92.4    117   34.0   11.5   7.52
 03     6.59   5.14   4.77   4.13   4.29   8.30    156   89.7    263   25.9   11.5   7.52
 04     6.17   5.14   4.77   4.13   4.61   7.26    507    107   79.6   29.4   11.2   7.52
 05     5.97   4.93   4.77   4.13   4.29   6.59    135    111    119   32.7   10.9   7.26
 06     5.76   5.14   4.77   4.13   4.45   8.30    107    120    154   28.8   10.9   7.26
 07     5.97   4.93   4.61   3.97   5.14   7.78   88.4    141    110   33.4   10.6   7.00
 08     5.76   5.14   4.61   3.97   4.29   6.38    314    158    158   35.4   10.2   7.00
 09     5.97   4.93   4.61   3.97   4.45   6.38    108    130    113   32.7   10.6   6.79
 10     6.17   5.14   4.61   3.81   8.81   34.7    143    139   96.4   31.3   10.2   6.79
 11     5.97   4.93   4.61   4.13   5.34   27.7    110    128    260   34.7   10.2   6.59
 12     5.76   4.93   4.45   3.97   4.77   57.7    317   91.1   53.9   34.0   9.91   6.79
 13     5.55   5.14   4.45   4.13   4.61   11.2    137   82.0   67.0   30.0   9.91   6.59
 14     5.76   4.93   4.61   4.13   4.61   31.3    212   91.1   77.2   26.5   9.91   6.38
 15     5.55   5.14   4.61   3.97   5.14   33.4    141    104    196   22.0   9.59   6.38
 16     5.76   5.14   4.45   3.97   11.5   23.8    156    113   96.4   21.0   9.59   5.97
 17     5.97   4.93   4.61   3.97   9.91   23.5    122    252   79.6   28.3   9.33   6.38
 18     5.97   4.93   4.77   6.38   7.52   35.4    130    160   69.1   22.4   9.07   6.17
 19     5.76   5.14   4.61   5.76   6.38   25.9    110    108   69.1   21.0   8.81   5.97
 20     5.76   5.14   4.77   4.61   33.4   20.6    150   87.0   63.7   19.8   9.07   6.17
 21     5.97   4.77   4.61   4.45   18.6   18.2    212    124   59.7   18.2   9.91   5.97
 22     5.76   4.77   4.61   4.61   9.91   15.1    108    108   55.8   19.0   9.59   6.17
 23     5.55   4.77   4.61   4.29   9.33   24.2    104    158   52.0   18.2   9.07   5.97
 24     5.55   4.61   4.77   4.13   8.55    108    314    132   48.6   20.6   9.33   5.97
 25     5.76   4.77   4.45   4.13   7.52    119    181    154   45.2   14.7   9.07   5.76
 26     5.55   4.77   4.61   3.97   6.79   96.4    150    152   42.8   13.2   8.81   5.76
 27     5.55   4.77   4.45   4.29   9.33   92.4    120    148   39.7   12.8   8.81   5.97
 28     5.34   4.77   4.45   4.13   6.38    108    116    132   36.7   12.2   8.55   5.97
 29     5.34          4.29   4.29   6.17    107    143    111   42.0   12.2   8.30   5.76
 30     5.34          4.29   9.59   6.59    191    158    336   38.2   12.8   8.04   5.76
 31     5.34          4.45          7.52           146    128          11.8          5.55

Min     5.34   4.61   4.29   3.81   4.29   6.38   88.4   82.0   36.7   11.8   8.04   5.55   3.81
Mean    5.81   4.97   4.60   4.46   7.72   42.3    166    133   95.2   24.3   9.81   6.47   42.0
Max     6.59   5.14   4.93   9.59   33.4    191    507    336    263   43.5   11.8   8.04    507

