Station number: 650
Location:       Rasnalu Village                                                   Latitude: 27 34 30
River:          Khimti Khola                                                     Longitude: 86 11 50

Year:           1984

                                    Mean daily discharge in m3/s
                                    ============================

Day     Jan.   Feb.   Mar.   Apr.   May    Jun.   Jul.   Aug.   Sep.   Oct.   Nov.   Dec.   Year
 01     6.17   4.93   4.45   3.97   5.76   22.8    130   79.6   61.6   28.3   10.9   8.81
 02     6.17   4.93   4.29   4.13   6.17   23.1    158   71.3   54.8   26.5   11.2   8.30
 03     6.38   5.14   4.45   4.13   5.55   36.0    196   67.0    217   24.8   10.9   8.04
 04     6.38   4.93   4.45   4.13   4.77   34.0    141   87.0    134   24.2   10.6   8.04
 05     6.17   4.93   4.29   4.29   5.14   62.6    132   75.9    114   23.8   10.2   7.78
 06     6.17   5.14   4.29   4.13   8.81    231    150   68.0   82.0   22.8   10.2   7.52
 07     6.17   4.93   4.29   4.13   65.9   83.3    181   63.7   69.1   21.3   10.2   7.26
 08     5.97   4.93   4.29   3.97   89.7   52.9    148   59.7   67.0   21.0   9.91   7.26
 09     6.17   4.93   4.13   3.97   27.1   50.3    162   57.7   63.7   20.6   9.59   7.26
 10     5.97   4.93   4.13   4.13   15.1   46.9    160   51.2   57.7   20.2   9.59   7.00
 11     5.97   5.14   4.13   4.29   11.8   42.0    278   45.2   54.8   19.4   9.33   7.26
 12     5.97   4.93   3.97   4.13   11.8   42.8    194   42.0   53.9   18.6   9.07   7.00
 13     5.76   4.93   3.97   4.13   11.8   55.8    135   41.3   55.8   18.2   9.07   7.00
 14     5.76   4.77   3.81   4.29   9.33   84.5   89.7   39.0   52.9   17.4   9.33   7.26
 15     5.76   4.77   3.81   4.45   8.81    117    110   38.2   55.8   17.0   9.07   7.00
 16     5.76   4.77   3.81   4.13   8.30    101   93.7   36.7   49.5   16.6   9.33   6.79
 17     6.38   4.61   4.13   4.29   7.52    113   77.2   59.7   42.8   16.2   9.33   6.79
 18     5.97   4.77   3.97   4.13   7.00    124   69.1   53.9   38.2   15.5   9.07   6.79
 19     5.97   4.93   3.97   4.29   6.59    107   63.7   49.5   45.2   15.1   9.33   7.00
 20     5.55   4.77   4.13   5.14   6.38   67.0   70.2   68.0   43.5   15.5   9.33   6.79
 21     5.34   4.77   4.13   4.29   5.97   77.2   63.7    113   46.9   14.7   9.07   7.00
 22     5.34   4.61   4.13   4.13   5.76    124   77.2    101   46.9   14.3   9.33   6.79
 23     5.34   4.61   3.97   4.29   6.17   97.8   74.7    158   44.3   13.9   9.07   6.59
 24     5.14   4.61   3.97   4.13   8.04   69.1   80.8    198   42.8   13.6   9.07   6.59
 25     5.14   4.61   3.97   3.97   9.59    152   72.4   83.3   45.2   13.6   9.33   6.79
 26     5.14   4.61   4.13   5.34   8.55    148   89.7   95.1   42.0   13.2   9.07   6.59
 27     5.14   4.77   4.13   4.61   6.79    148    314   72.4   40.5   12.5   9.07   6.59
 28     5.14   4.45   3.97   5.14   25.9    217    114    122   37.5   11.8   9.07   6.59
 29     5.14   4.45   3.97   5.14   10.6    125    108   97.8   32.7   11.5   9.07   6.59
 30     5.14          4.13   4.61   19.0   88.4   99.1   75.9   30.0   11.2   8.55   6.59
 31     5.14          4.13          21.3          83.3   68.0          11.2          6.59

Min     5.14   4.45   3.81   3.97   4.77   22.8   63.7   36.7   30.0   11.2   8.55   6.59   3.81
Mean    5.73   4.81   4.11   4.33   14.5   91.4    126   75.5   60.7   17.6   9.54   7.10   35.1
Max     6.38   5.14   4.45   5.34   89.7    231    314    198    217   28.3   11.2   8.81    314

