Station number: 650
Location:       Rasnalu Village                                                   Latitude: 27 34 30
River:          Khimti Khola                                                     Longitude: 86 11 50

Year:           1983

                                    Mean daily discharge in m3/s
                                    ============================

Day     Jan.   Feb.   Mar.   Apr.   May    Jun.   Jul.   Aug.   Sep.   Oct.   Nov.   Dec.   Year
 01     6.38   5.14   4.61   3.97   5.34   9.91    135    122   73.5   46.0   17.0   9.07
 02     6.38   4.93   4.61   3.97   8.04   9.59   49.5    111   70.2   44.3   15.8   8.81
 03     6.59   5.14   4.61   3.97   9.07   10.9   82.0    130   68.0   42.8   15.1   8.55
 04     6.38   4.93   4.45   3.97   8.81   9.59   68.0    125   92.4   40.5   14.7   8.81
 05     6.17   5.14   4.45   3.97   8.81   9.07    101    160   71.3   41.3   14.3   8.55
 06     6.38   4.93   4.61   4.13   8.04   13.2    258    139    101   41.3   13.9   8.81
 07     6.17   4.77   4.45   3.97   8.81   10.2    144    114   65.9   45.2   13.6   8.55
 08     5.97   4.77   4.45   3.97   8.55   8.81   89.7    108   62.6   40.5   14.3   8.81
 09     5.97   4.77   4.45   3.81   8.04   10.9   68.0    108   58.7   39.0   13.6   8.55
 10     5.97   4.93   4.45   3.81   9.33   9.91   59.7    127   56.8   37.5   13.2   8.81
 11     5.76   4.77   4.45   3.97   10.9   11.2   53.9    148   54.8   36.0   12.8   8.81
 12     5.76   4.77   4.29   5.14   10.2   10.6   67.0    152   56.8   34.7   12.8   8.81
 13     5.55   4.77   4.29   4.13   11.5   9.91   92.4    144   42.8   33.4   12.2   8.04
 14     5.55   4.93   4.29   4.13   10.6   9.07   79.6    130   49.5   41.3   11.8   7.52
 15     5.55   4.77   4.29   4.13   10.6   8.30    101    113   39.7   40.5   11.5   7.26
 16     5.34   4.77   4.29   4.29   10.2   18.6    148   93.7   36.7   39.0   11.2   7.26
 17     5.34   4.93   4.13   4.29   8.81   27.7    150    139   50.3   37.5   11.2   7.26
 18     5.14   4.77   4.29   4.13   8.55   21.7    119    132   46.0   36.0   10.6   7.00
 19     5.14   4.93   4.13   3.97   9.07   23.1    148    280   43.5   34.7   10.2   7.00
 20     5.34   4.61   4.13   4.13   9.33   21.3    317    196   42.0   33.4   10.2   6.79
 21     5.14   4.77   4.13   3.97   8.55   17.8    144    111   42.0   31.3   9.91   6.79
 22     5.34   4.61   3.97   8.30   9.33   15.8    117    207   44.3   28.8   9.59   6.79
 23     5.55   4.61   3.97   7.00   9.91   14.7    102    158   42.8   27.7   9.59   7.26
 24     5.55   4.77   4.13   5.34   9.07   19.4    108    132   44.3   25.4   9.91   7.26
 25     5.34   4.61   4.13   5.34   9.91   18.6    143   87.0   41.3   23.8   9.91   7.00
 26     5.34   4.61   4.13   5.76   9.07   16.6    183    835   39.7   23.5   9.33   7.26
 27     5.14   4.77   3.97   4.77   8.81   15.5    158    179   39.0   22.4   9.33   6.79
 28     5.14   4.61   3.97   4.93   9.59   13.6    854    263   38.4   21.3   9.59   6.79
 29     5.14          3.97   4.61   9.07   26.5    183    134   38.2   20.6   9.59   6.59
 30     5.34          4.13   4.77   9.91   39.7    120    102   39.0   19.4   9.33   6.59
 31     5.14          3.97          8.81           143   88.4          18.6          6.59

Min     5.14   4.61   3.97   3.81   5.34   8.30   49.5   87.0   36.7   18.6   9.33   6.59   3.81
Mean    5.64   4.82   4.26   4.55   9.18   15.4    148    163   53.0   33.8   11.9   7.70   38.5
Max     6.59   5.14   4.61   8.30   11.5   39.7    854    835    101   46.0   17.0   9.07    854

