Station number: 650
Location:       Rasnalu Village                                                   Latitude: 27 34 30
River:          Khimti Khola                                                     Longitude: 86 11 50

Year:           1982

                                    Mean daily discharge in m3/s
                                    ============================

Day     Jan.   Feb.   Mar.   Apr.   May    Jun.   Jul.   Aug.   Sep.   Oct.   Nov.   Dec.   Year
 01     6.17   7.26   4.61   4.29   8.04   11.8   77.2   52.9    117   28.8   14.7   8.55
 02     5.97   7.26   4.45   4.45   7.78   10.6   83.3   49.5    101   27.7   15.5   8.55
 03     5.76   5.76   4.61   5.55   7.52   9.33    120   47.7   74.7   25.9   15.1   8.30
 04     5.76   5.14   4.61   5.34   7.26   9.33    113   46.0   58.7   24.8   14.7   8.30
 05     5.76   5.14   4.45   4.77   7.00   9.33   63.7   47.7   52.9   24.8   15.5   8.04
 06     5.97   4.93   4.61   4.45   7.26   11.2   54.8   49.5   50.3   24.2   14.3   8.30
 07     5.76   4.93   4.77   4.45   6.17   10.6   70.2   63.7   46.9   23.5   13.9   8.30
 08     5.76   4.93   4.93   4.45   5.97   10.6   77.2   53.9   45.2   22.8   13.9   8.30
 09     5.55   4.93   4.77   4.29   5.76   20.6   61.6   59.7   38.2   22.4   13.6   8.30
 10     5.55   5.14   4.77   4.13   5.55   10.2   56.8   55.8   37.5   22.8   13.6   8.04
 11     5.55   4.93   4.61   3.97   5.34   17.8   52.0    111   36.7   22.4   13.6   7.78
 12     5.76   4.93   4.45   4.13   5.14   19.8   53.9   97.8   38.2   22.0   13.2   7.78
 13     5.55   4.93   4.45   4.29   4.93   15.1   73.5    150   39.7   21.3   13.2   7.52
 14     5.55   5.14   4.45   4.13   5.14   16.2   79.6    152   65.9   21.0   13.2   7.52
 15     5.34   4.93   4.61   4.29   5.14   21.0   87.0    143   63.7   20.6   12.8   7.52
 16     5.55   4.93   4.45   4.61   5.34   53.9    110    117   40.5   19.8   12.2   7.26
 17     5.55   4.77   4.45   6.17   4.93   21.7   99.1    201   51.2   19.0   11.8   7.00
 18     5.34   4.77   4.29   5.34   4.77   69.1   85.7   1270   42.8   18.2   11.5   7.00
 19     5.34   4.77   4.29   5.14   4.77   30.7    590    280   40.5   18.6   11.2   7.00
 20     5.34   4.77   4.29   5.76   4.61   19.8   95.1   93.7   36.7   17.8   11.5   7.00
 21     5.34   4.77   4.13   5.34   4.61   22.8    146   72.4   46.0   17.4   10.9   6.79
 22     5.55   4.77   4.29   12.8   4.61   23.8    120   85.7   45.2   16.6   10.2   6.79
 23     5.14   4.61   4.45   10.9   4.45   27.7   85.7    108   42.0   15.8   10.2   7.00
 24     5.34   4.61   4.29   9.91   4.45   52.0    128   95.1   39.7   15.5   9.59   6.79
 25     5.14   4.61   4.29   9.59   4.61   34.0    104    333   36.0   15.5   9.33   6.59
 26     5.14   4.77   4.29   9.33   4.77    349   89.7    127   34.7   15.1   8.81   6.79
 27     5.14   4.77   4.29   8.81   17.4   41.3   75.9    152   34.0   15.1   9.07   6.79
 28     5.34   4.61   4.29   8.55   12.5   34.0   70.2    154   34.0   15.5   8.81   6.59
 29     5.14          4.29   8.30   17.8   29.4   67.0    239   31.3   15.1   8.55   6.38
 30     5.14          4.29   8.55   21.0   48.6   60.7   93.7   30.7   14.7   8.55   6.38
 31     5.14          4.45          15.1          59.7   96.4          14.3          6.79

Min     5.14   4.61   4.13   3.97   4.45   9.33   52.0   46.0   30.7   14.3   8.55   6.38   3.97
Mean    5.50   5.06   4.46   6.20   7.41   35.4    100    152   48.4   20.0   12.1   7.42   33.7
Max     6.17   7.26   4.93   12.8   21.0    349    590   1270    117   28.8   15.5   8.55   1270

