Station number: 650
Location:       Rasnalu Village                                                   Latitude: 27 34 30
River:          Khimti Khola                                                     Longitude: 86 11 50

Year:           1987

                                    Mean daily discharge in m3/s
                                    ============================

Day     Jan.   Feb.   Mar.   Apr.   May    Jun.   Jul.   Aug.   Sep.   Oct.   Nov.   Dec.   Year
 01     5.84   4.09   3.47   3.78   4.41   5.43    218   86.3    120   NA     NA     NA  
 02     5.64   3.94   3.47   3.47   4.41   5.03    114   74.3   86.3   NA     NA     NA  
 03     5.64   4.09   3.47   3.47   4.25   11.2    174   68.2    127   NA     NA     NA  
 04     5.43   4.09   3.47   3.63   4.41   10.2    652   67.1    135   NA     NA     NA  
 05     5.43   4.25   3.47   3.78   4.72   9.93    156    124    105   NA     NA     NA  
 06     5.23   4.09   3.47   3.94   4.41   9.61    120    135    116   NA     NA     NA  
 07     5.23   4.09   3.47   3.78   5.43   19.0    103    114   87.8   NA     NA     NA  
 08     5.43   4.25   3.47   3.78   4.41   14.4    106    103    129   NA     NA     NA  
 09     5.43   4.09   3.47   3.94   4.25   26.3    122   84.8   82.2   NA     NA     NA  
 10     5.03   3.94   3.47   3.94   4.09   28.2    232   78.2   79.6   NA     NA     NA  
 11     5.23   3.94   3.78   3.63   4.25   18.1    183    141    101   NA     NA     NA  
 12     5.03   3.94   3.63   3.78   4.25   21.9    156    105   93.7   NA     NA     NA  
 13     5.03   3.94   3.63   3.47   4.41   19.0    158   93.7   73.0   NA     NA     NA  
 14     4.87   3.78   3.78   3.63   4.56   16.3    127   82.2    113   NA     NA     NA  
 15     4.72   3.94   3.78   3.47   5.23   15.1    101   78.2   69.4   NA     NA     NA  
 16     4.72   4.09   3.63   3.47   5.03   47.3   87.8   75.6   68.2   NA     NA     NA  
 17     4.56   3.94   3.78   3.47   4.72   98.2   78.2   80.9   NA     NA     NA     NA  
 18     4.41   3.94   3.47   3.63   4.56   30.8    199   73.0   NA     NA     NA     NA  
 19     4.41   3.78   3.63   3.47   4.25   61.3    397   76.9   NA     NA     NA     NA  
 20     4.41   3.78   3.78   3.47   4.41   34.9    133   75.6   NA     NA     NA     NA  
 21     4.41   3.78   3.63   3.47   4.25   69.4    160   71.7   NA     NA     NA     NA  
 22     4.25   3.78   3.63   3.78   4.25   46.4    299   82.2   NA     NA     NA     NA  
 23     4.09   3.78   3.47   3.94   4.09   38.8    150    127   NA     NA     NA     NA  
 24     4.09   3.94   3.47   3.78   4.25   55.0    108    137   NA     NA     NA     NA  
 25     4.25   3.63   3.47   3.78   4.41    127   98.2    103   NA     NA     NA     NA  
 26     4.09   3.63   3.47   3.78   6.44   79.6    181   93.7   NA     NA     NA     NA  
 27     4.09   3.47   5.43   4.09   4.56   93.7   75.6   87.8   NA     NA     NA     NA  
 28     4.41   3.63   3.63   4.41   5.43    148    367   82.2   NA     NA     NA     NA  
 29     4.41          3.47   4.25   5.03    108   74.3   89.3   NA     NA     NA     NA  
 30     4.25          3.78   4.56   4.72   98.2    683   83.5   NA     NA     NA     NA  
 31     4.09          3.94          6.24           116   95.2          NA            NA  

Min     4.09   3.47   3.47   3.47   4.09   5.03   74.3   67.1   68.2   NA     NA     NA     NA  
Mean    4.78   3.92   3.64   3.76   4.65   45.5    191   92.6   NA     NA     NA     NA     NA  
Max     5.84   4.25   5.43   4.56   6.44    148    683    141    135   NA     NA     NA     NA  

