Station number: 650
Location:       Rasnalu Village                                                   Latitude: 27 34 30
River:          Khimti Khola                                                     Longitude: 86 11 50

Year:           1986

                                    Mean daily discharge in m3/s
                                    ============================

Day     Jan.   Feb.   Mar.   Apr.   May    Jun.   Jul.   Aug.   Sep.   Oct.   Nov.   Dec.   Year
 01     5.84   4.25   3.94   3.47   5.23   6.24   58.1    148   68.2   48.1   16.3   7.56
 02     5.64   4.41   3.94   3.47   4.87   5.43   58.1    124   61.3   44.6   15.5   7.56
 03     5.84   4.25   3.78   3.63   5.43   6.04   76.9    120   67.1   71.7   15.5   7.31
 04     5.64   4.09   3.78   3.47   6.24   5.03   61.3    103   84.8   54.0   15.1   7.56
 05     5.64   4.09   3.94   3.47   5.23   4.56   49.0   92.3   68.2   50.9   14.0   7.31
 06     5.43   4.09   3.78   3.78   4.56   5.84   44.6    101   64.7   53.0   12.8   7.31
 07     5.23   4.09   3.78   3.63   5.64   5.43   44.6    116   56.0   49.0   12.8   7.05
 08     5.23   3.94   3.78   3.47   6.04   4.87   28.2   80.9   65.9   47.3   12.2   7.05
 09     5.23   3.94   3.78   3.78   5.43   6.44   35.7   82.2   67.1   45.5   11.5   6.24
 10     5.43   3.94   3.94   4.09   4.87   7.31   89.3   68.2   62.4   45.5   10.9   6.65
 11     5.23   3.94   3.78   3.94   4.72   9.61   89.3    108   60.1   44.6   10.9   6.65
 12     5.43   4.09   3.78   5.64   4.56   15.9   78.2   61.3   64.7   41.1   10.6   6.44
 13     5.23   4.09   3.63   4.41   4.87   10.2    141   58.1   55.0   46.4   10.2   6.44
 14     5.03   3.94   3.78   4.09   5.23   10.2    137   92.3   57.0   56.0   10.6   6.44
 15     4.87   4.09   3.63   4.41   5.23   11.2    139    109   54.0   46.4   11.2   6.24
 16     4.87   4.09   3.63   4.56   5.84   17.6    139    103   50.9   44.6   10.2   8.59
 17     5.03   4.09   3.78   6.44   6.04   11.5    152    129   51.9   42.0   10.2   8.07
 18     4.87   3.94   3.78   4.87   5.43   24.7    146   76.9   49.0   35.7   9.61   7.56
 19     4.87   3.94   3.63   4.72   5.64   37.3    139    131   45.5   32.1   9.35   6.85
 20     4.72   3.94   3.63   5.64   7.31   26.9    133   87.8    109   30.2   9.10   6.65
 21     4.87   3.78   3.63   5.23   6.24   21.3    199   87.8   51.9   28.2   8.84   6.24
 22     4.72   3.94   3.47   4.56   6.24   18.5    224   84.8   55.0   27.6   8.59   6.24
 23     4.25   3.94   3.47   8.84   5.64   32.8    183   78.2   49.0   25.8   8.59   6.04
 24     3.94   4.09   3.63   5.23   6.44    592    328   79.6   46.4   25.2   8.59   6.24
 25     4.09   4.09   3.47   4.87   5.84    210    163   73.0   50.9   24.7   8.33   6.04
 26     4.09   4.09   3.47   4.56   5.23   83.5    199    126   46.4   22.4   8.07   6.04
 27     4.09   3.94   3.47   4.72   4.87   86.3    129   71.7   46.4   21.9   8.07   5.84
 28     4.09   3.94   3.47   5.43   4.87    120    178   68.2   42.0   21.3   8.33   6.24
 29     4.25          3.47   6.44   4.72    101    419   70.5   46.4   20.4   7.82   6.04
 30     4.25          3.47   6.04   4.87   78.2    152   86.3   46.4   19.9   7.82   5.84
 31     4.25          3.47          4.72           178   76.9          19.0          5.84

Min     3.94   3.78   3.47   3.47   4.56   4.56   28.2   58.1   42.0   19.0   7.82   5.84   3.47
Mean    4.91   4.04   3.68   4.70   5.42   52.5    135   93.4   58.1   38.2   10.7   6.72   34.8
Max     5.84   4.41   3.94   8.84   7.31    592    419    148    109   71.7   16.3   8.59    592

