Station number: 650
Location:       Rasnalu Village                                                   Latitude: 27 34 30
River:          Khimti Khola                                                     Longitude: 86 11 50

Year:           1999

                                    Mean daily discharge in m3/s
                                    ============================

Day     Jan.   Feb.   Mar.   Apr.   May    Jun.   Jul.   Aug.   Sep.   Oct.   Nov.   Dec.   Year
 01     5.95   4.87   3.92   3.24   3.01   11.7   34.0   39.3   59.0   38.9   23.3   9.29
 02     5.95   4.69   3.87   3.13   6.19   8.29   28.6   33.8   58.3   39.8   21.5   8.29
 03     5.77   4.69   3.68   3.01   3.48   8.05   31.1   36.3   66.4   35.4   19.6   8.29
 04     5.77   4.69   3.68   2.90   3.24   7.93   28.7   36.8   60.5   37.2   17.8   8.29
 05     5.77   4.69   3.82   3.01   3.39   7.93   35.4   38.2   59.3   38.1   17.5   8.17
 06     5.77   4.69   3.82   2.90   3.92   7.69   29.9   33.4   47.5   36.5   17.2   7.93
 07     5.77   4.69   3.68   2.79   3.53   7.45   27.9   37.2   47.5   35.8   16.8   7.93
 08     5.71   4.69   3.68   2.79   4.01   7.39   29.9   40.5   39.3   37.0   16.5   7.81
 09     5.59   4.40   3.53   2.68   4.30   10.2   26.7   38.0   50.9   35.8   15.9   7.21
 10     5.83   4.55   3.39   2.68   4.81   11.0   41.5   37.9   68.2   34.9   15.9   7.57
 11     5.83   4.40   3.39   3.16   4.69   12.4   60.7   37.7   66.1   33.8   15.7   7.69
 12     5.77   4.40   3.24   3.13   3.87   14.0   54.0   38.4   59.3   33.1   15.7   7.45
 13     5.59   4.40   3.24   3.13   3.77   17.0   41.7   43.8   57.4   32.7   15.4   7.21
 14     5.59   4.40   3.24   3.24   5.35   18.8   36.3   44.7   45.2   33.6   15.2   7.45
 15     5.59   4.30   3.24   3.13   5.23   22.8   34.0   39.3   41.7   33.8   14.7   7.21
 16     5.59   4.26   3.24   3.01   4.99   15.5   32.7   37.7   40.7   32.7   14.7   7.21
 17     5.47   4.26   3.39   3.01   4.75   18.0   33.2   42.6   42.6   31.2   14.7   6.85
 18     5.47   4.26   3.39   2.79   4.69   25.4   37.4   42.1   45.7   30.2   14.4   6.85
 19     5.47   4.11   3.24   2.90   4.75   30.2   36.8   48.4   44.7   30.1   14.3   6.85
 20     5.53   4.11   3.24   2.79   5.05   24.0   40.5   51.5   43.1   30.1   14.2   6.49
 21     5.47   4.11   3.24   2.68   5.11   26.1   50.9   52.2   35.9   27.1   13.6   6.61
 22     5.23   4.06   3.13   2.56   6.13   27.5   65.1   53.9   39.8   27.8   13.9   6.73
 23     5.29   3.97   3.13   2.56   21.3   29.9   45.1   57.7   40.0   27.5   13.2   6.49
 24     5.23   3.87   3.13   2.56   9.83   27.8   65.5   62.1   39.8   27.0   13.0   6.61
 25     5.17   3.87   3.13   2.45   10.9   25.7   74.4   58.7   34.9   26.7   12.9   6.73
 26     4.99   3.82   3.09   2.45   13.6   25.7   69.5   65.5   34.7   26.5   11.9   6.37
 27     4.99   3.97   3.05   2.56   14.7   29.8   66.7   58.0   35.0   25.7   11.9   6.13
 28     5.05   3.97   3.01   2.64   19.0   43.3   64.9   57.7   37.2   25.3   10.9   6.13
 29     4.69          3.09   2.68   18.2   19.6   61.5   61.5   35.8   24.9   10.2   6.31
 30     4.81          3.16   2.56   16.3   29.4   58.3   62.1   42.6   23.3   10.3   6.31
 31     4.87          3.24          14.7          54.5   59.2          21.5          6.13

Min     4.69   3.82   3.01   2.45   3.01   7.39   26.7   33.4   34.7   21.5   10.2   6.13   2.45
Mean    5.47   4.33   3.37   2.84   7.64   19.0   45.1   46.7   47.3   31.4   15.1   7.18   19.6
Max     5.95   4.87   3.92   3.24   21.3   43.3   74.4   65.5   68.2   39.8   23.3   9.29   74.4

