Station number: 650
Location:       Rasnalu Village                                                   Latitude: 27 34 30
River:          Khimti Khola                                                     Longitude: 86 11 50

Year:           1991

                                    Mean daily discharge in m3/s
                                    ============================

Day     Jan.   Feb.   Mar.   Apr.   May    Jun.   Jul.   Aug.   Sep.   Oct.   Nov.   Dec.   Year
 01     9.07   7.78   5.76   6.79   7.52   19.4    132    111    162   84.5   42.0   10.9
 02     8.81   8.04   5.76   6.59   7.00   19.0    119    117    135   82.0   40.5   11.2
 03     9.07   7.52   5.55   6.79   7.00   19.4    114    139    116   79.6   39.7   11.2
 04     8.81   7.78   5.55   6.79   7.26   18.6    105    111    113   78.4   39.0   10.9
 05     9.07   7.52   5.34   6.59   7.52   18.2    102    132    141   77.2   38.2   11.5
 06     8.81   7.78   5.34   6.59   7.52   17.8    102    135    134   80.8   36.7   11.5
 07     8.81   7.52   5.34   6.38   7.26   17.0   96.4    120    122   80.8   31.3   10.9
 08     9.07   7.78   5.14   6.38   7.52   16.6   91.1    110    105   78.4   30.0   10.6
 09     8.81   7.52   5.14   6.38   7.52   17.4   92.4    108    101   77.2   28.3   10.6
 10     8.55   7.52   4.93   6.38   7.78   19.8    440    108   93.7   74.7   27.7   10.6
 11     8.55   7.78   4.93   6.38   8.81   19.8    130    146   87.0   73.5   27.1   10.2
 12     8.30   7.52   4.77   6.38   7.78   22.4    141    162   89.7   72.4   26.5   10.2
 13     8.30   7.00   4.77   6.59   7.52   22.4    158   36.7    111   71.3   25.4   9.91
 14     8.04   7.00   4.61   6.38   7.78   25.9    150    150    108   70.2   24.2   10.2
 15     8.30   6.79   4.93   6.59   23.1   24.2    152    164    137   71.3   22.8   9.91
 16     8.04   6.59   5.14   6.59   23.5   22.8    141    135    134   71.3   22.4   9.91
 17     8.30   6.79   5.34   6.38   24.2   25.9    150    158    117   70.2   22.0   9.59
 18     8.30   6.59   5.97   6.38   23.8   28.3    162    154    108   68.1   21.0   9.91
 19     8.04   6.79   6.79   6.38   23.5   29.4   50.3    150    104   62.6   20.6   9.59
 20     8.04   6.59   6.59   6.59   22.4   34.0   25.9    143   96.4   58.7   19.4   9.91
 21     8.04   6.38   6.38   6.38   21.3   34.0   33.4    144   95.1   58.7   17.8   9.59
 22     8.30   6.38   6.17   6.79   22.8   39.0    105    134   92.4   55.8   16.6   9.91
 23     8.30   6.17   6.59   6.79   23.1   59.7    156    398   88.4   53.9   13.6   9.59
 24     8.04   6.17   6.38   6.59   23.1   59.7    135    128   85.7   51.2   15.5   9.59
 25     8.30   5.97   6.17   6.79   22.0   68.1    120    158   84.5   48.6   14.3   9.59
 26     7.78   5.97   6.59   6.59   21.7   74.7    144    166   83.3   46.9   13.9   9.59
 27     7.78   5.76   6.59   6.79   21.7   77.2    141    229   78.4   46.9   13.6   9.59
 28     7.78   5.97   6.79   7.26   21.0    127    125    340   78.4   44.3   12.2   9.33
 29     7.78          6.59   7.26   20.6    144    113    269    102   45.2   10.9   9.59
 30     8.04          6.59   7.26   19.8    143    108    255   91.1   44.3   10.6   9.07
 31     7.78          6.59          18.6           102    194          42.8          9.07

Min     7.78   5.76   4.61   6.38   7.00   16.6   25.9   36.7   78.4   42.8   10.6   9.07   4.61
Mean    8.36   6.96   5.78   6.63   15.5   42.2    127    161    106   65.2   24.1   10.1   48.3
Max     9.07   8.04   6.79   7.26   24.2    144    440    398    162   84.5   42.0   11.5    440

