Station number: 650
Location:       Rasnalu Village                                                   Latitude: 27 34 30
River:          Khimti Khola                                                     Longitude: 86 11 50

Year:           1990

                                    Mean daily discharge in m3/s
                                    ============================

Day     Jan.   Feb.   Mar.   Apr.   May    Jun.   Jul.   Aug.   Sep.   Oct.   Nov.   Dec.   Year
 01     9.07   8.30   7.78   8.55   10.2   17.4   87.0    107   60.7   45.2   27.7   12.8
 02     9.07   8.30   8.04   8.55   10.6   19.0   96.4   83.3   52.9   45.2   26.5   12.2
 03     9.07   9.07   7.78   8.30   10.9   19.0    198   83.3   49.5   45.2   27.1   12.8
 04     9.07   9.07   8.04   7.52   10.6   18.2   88.4    135   49.5   44.3   25.9   13.9
 05     9.07   8.81   7.78   7.78   12.2   18.6   82.0    108   68.1   43.5   25.9   13.2
 06     9.07   8.30   7.52   7.52   11.5   16.6   91.1   87.0   61.6   42.8   25.4   12.8
 07     9.07   9.07   7.52   8.04   11.2   20.6    111   95.1   58.7   42.0   24.2   11.8
 08     8.81   8.81   7.26   8.04   10.2   20.6    191   85.7   55.8   42.0   23.8   12.2
 09     9.07   8.55   7.26   7.52   10.9   22.8    116   77.2   52.9   41.3   23.5   11.8
 10     9.07   8.30   7.78   7.52   11.2   33.4   96.4   72.4   47.7   41.3   23.1   11.5
 11     8.81   8.30   8.30   7.78   11.8   21.3    141   72.4   50.3   40.5   22.8   11.5
 12     9.07   8.30   7.78   8.04   11.8   32.7    141   70.2   51.2   40.5   22.8   11.2
 13     8.81   8.55   7.78   8.04   11.5   46.9   91.1   70.2   48.6   39.7   22.0   11.5
 14     8.55   8.30   7.26   8.04   11.2   53.9    108   69.1   44.3   39.7   21.7   10.9
 15     8.81   8.04   7.52   8.04   11.5   59.7    105   70.2   49.5   39.0   21.3   10.6
 16     8.55   8.04   7.52   8.30   11.5   75.9    107   69.1   50.3   38.2   21.0   10.6
 17     8.55   8.30   7.26   8.55   11.5   69.1    107   62.6   54.8   37.5   20.6   10.2
 18     8.30   8.30   7.26   8.55   12.5   82.0   95.1   69.1   53.9   37.5   19.4   10.2
 19     8.30   8.55   7.52   8.81   11.8   87.0   91.1   84.5   53.9   36.7   19.0   9.91
 20     8.30   8.30   8.04   9.07   11.5   85.7   89.7   68.1   51.2   36.7   18.6   9.91
 21     8.55   8.30   8.55   8.81   11.2   88.4   87.0   62.6   50.3   36.0   18.6   9.59
 22     8.81   8.04   8.55   9.07   11.8   87.0   85.7   61.6   49.5   35.4   17.8   9.91
 23     8.55   8.04   8.81   9.33   13.6   88.4   82.0   60.7   48.6   34.7   17.4   9.91
 24     8.30   8.30   8.30   9.07   14.3   59.7   78.4   58.7   48.6   34.0   17.0   9.91
 25     8.30   8.04   7.52   9.33   15.1   58.7   91.1   57.7   49.5   34.0   15.8   9.91
 26     8.04   7.78   8.30   9.07   13.9   91.1   91.1   55.8   47.7   33.4   14.7   9.59
 27     8.04   7.78   8.04   9.07   10.9    110    110   53.9   46.9   32.0   13.9   9.33
 28     8.55   8.04   8.30   9.59   13.2    101    125   52.9   46.9   31.3   13.9   9.33
 29     8.30          8.55   10.6   12.2   97.8   93.7   53.9   46.9   30.0   13.6   9.07
 30     8.30          8.30   10.9   13.6   93.7    120   63.7   46.0   28.8   13.2   9.07
 31     8.55          8.55          14.7           137   68.1          28.3          9.33

Min     8.04   7.78   7.26   7.52   10.2   16.6   78.4   52.9   44.3   28.3   13.2   9.07   7.26
Mean    8.67   8.35   7.90   8.58   12.0   56.5    108   73.8   51.5   38.0   20.6   10.9   33.7
Max     9.07   9.07   8.81   10.9   15.1    110    198    135   68.1   45.2   27.7   13.9    198

