Station number: 600.1
Location:       Uwa Gaon                                                          Latitude: 27 35 21
River:          Arun River                                                       Longitude: 87 20 22

Year:           2007

                                    Mean daily discharge in m3/s
                                    ============================

Day     Jan.   Feb.   Mar.   Apr.   May    Jun.   Jul.   Aug.   Sep.   Oct.   Nov.   Dec.   Year
 01     71.0   66.0   70.7    101    106    113    214    947    481    374    118   97.0
 02     65.5   66.0   68.0    107    113    124    296    830    603    279    111   95.8
 03     66.0   66.2   68.0    103    128    119    395    776    527    242    110   94.0
 04     65.5   65.5   68.0    103    129    119    392    875    622    224    112   92.8
 05     66.5   67.0   71.0    108    125    121    370    875    781    218    112   93.4
 06     65.5   65.2   68.0    102    135    145    373    864    756    218    107   91.8
 07     64.0   64.3   71.0    104    140    225    359    911    685    204    102   92.4
 08     65.0   64.5   71.0    109    146    268    452    910    875    204    149   86.2
 09     66.0   63.7   70.3    106    150    274    411    808    864    220    104   84.2
 10     64.5   63.0   71.7   99.3    147    223    398    603    822    220    109   81.8
 11     64.0   65.0   71.5    105    142    193    700    594    576    215    109   81.4
 12     63.5   65.0   71.3    117    144    189    440    577    431    226    114   80.8
 13     63.0   68.0   71.4    116    120    195    576    551    395    234    118   81.4
 14     63.0   68.0   73.5    107    119    189    564    594    398    239    114   79.0
 15     63.0   68.0   71.0    111    109    203    465    585    398    238    110   79.0
 16     63.3   63.8   71.0    104    108    212    379    647    409    252    104   79.0
 17     63.0   65.2   73.0    105    106    212    381    704    364    251    103   79.0
 18     63.5   68.0   73.0    107    101    228    379    519    420    251   99.8   79.0
 19     62.7   67.0   73.0    110    110    233    381    675    332    220    100   79.0
 20     62.4   69.2   77.2    112    129    236    411    609    405    224   98.9   80.8
 21     63.0   69.5   79.0    109    160    246    496    504    376    220   99.8   80.8
 22     64.2   70.2   87.0    106    196    272    675    701    367    220   99.3   79.0
 23     64.0   69.5   87.4    116    196    268    808    656    379    197   95.4   79.0
 24     63.8   70.5   88.8    112    153    284    873    560    396    173   96.4   82.0
 25     64.7   73.0   89.4    114    145    256    971    411    368    156   97.5   82.0
 26     63.0   70.7   93.0    105    136    236    923    392    460    154   97.5   85.0
 27     63.5   70.7   93.2    106    138    235    934    431    474    149   97.0   85.0
 28     64.5   70.5   95.6    104    134    229    841    349    411    150   96.4   85.0
 29     64.8          95.8    105    133    226    841    496    398    134   96.4   85.0
 30     65.5          98.5   97.0    125    226    830    551    393    127   98.4   85.0
 31     65.3          97.0           122          1080    561           119          85.0

Min     62.4   63.0   68.0   97.0    101    113    214    349    332    119   95.4   79.0   62.4
Mean    64.4   67.2   78.3    107    134    210    568    647    506    211    106   84.5    232
Max     71.0   73.0   98.5    117    196    284   1080    947    875    374    149   97.0   1080
