Station number: 600.1
Location:       Uwa Gaon                                                          Latitude: 27 35 21
River:          Arun River                                                       Longitude: 87 20 22

Year:           2008

                                    Mean daily discharge in m3/s
                                    ============================

Day     Jan.   Feb.   Mar.   Apr.   May    Jun.   Jul.   Aug.   Sep.   Oct.   Nov.   Dec.   Year
 01     79.0   64.7   76.2   96.2    101    150    246    629    647    577    181   74.8
 02     79.0   64.0   76.8   95.0    102    144    361    650    624    529    181   73.0
 03     76.0   64.5   79.8   90.0    102    140    375    633    647    489    182   73.0
 04     73.0   64.5   81.8   92.4    103    155    400    625    629    453    180   73.0
 05     73.0   65.0   81.0   89.0    103    152    398    586    625    431    180   73.0
 06     70.5   66.0   80.0   93.8    104    151    385    629    602    405    177   74.8
 07     70.5   66.0   80.8   97.0    105    156    338    656    622    379    174   74.8
 08     73.0   66.0   79.6   95.8    106    190    313    729    636    390    168   73.6
 09     73.0   65.0   78.2   96.6    108    174    285    724    724    376    158   73.0
 10     77.2   65.5   75.6   96.0    109    179    284    767    746    348    153   73.0
 11     73.0   66.0   75.4    101    110    251    284    784    755    467    145   71.5
 12     71.0   67.0   79.0   97.0    110    296    443    776    776    392    138   73.0
 13     71.2   67.0   79.0   97.5    111    344    387    883    765    335    132   71.5
 14     61.8   70.0   79.0   97.7    113    370    392    819    876    327    127   71.0
 15     61.5   69.0   78.6   98.2    117    395    398    776    819    301    118   71.0
 16     61.5   66.2   76.0   98.4    113    405    418    668    776    262   86.8   69.5
 17     61.5   65.5   74.8   98.2    113    560    405    610    871    222   86.8   69.5
 18     62.1   65.7   77.6   99.1    115    629    421    624    887    201   86.8   68.0
 19     62.1   65.2   84.2   99.1    114    647    527    602    838    202   86.8   68.0
 20     62.1   66.3   81.2   99.6    114    603    527    576    779    202   86.2   66.0
 21     63.0   67.8   79.0   99.8    116    380    770    543    797    202   85.0   66.0
 22     63.0   69.0   82.0   99.3    119    361    651    723    707    202   84.4   66.0
 23     64.5   70.0   91.8   99.1    121    361    652    706    714    196   83.2   66.0
 24     64.5   70.3   86.2   99.8    130    361    685    698    681    196   83.2   66.0
 25     63.0   71.5   80.8    100    138    361    685    675    700    185   84.4   65.0
 26     63.5   72.4   94.8    100    166    359    684    685    738    185   83.8   65.0
 27     63.3   73.7   95.0   99.8    164    299    646    675    670    185   76.0   64.5
 28     63.0   74.1   94.2    101    192    304    582    645    600    181   76.0   64.5
 29     63.0   73.4   94.0    101    161    299    622    607    576    183   76.0   63.5
 30     64.0          96.6    101    172    258    647    612    599    184   74.8   63.0
 31     64.0          95.0           153           624    647           184          63.0

Min     61.5   64.0   74.8   89.0    101    140    246    543    576    181   74.8   63.0   61.5
Mean    67.4   67.6   82.7   97.6    123    314    479    676    714    302    121   69.3    260
Max     79.0   74.1   96.6    101    192    647    770    883    887    577    182   74.8    887
