Station number: 600.1
Location:       Uwa Gaon                                                          Latitude: 27 35 21
River:          Arun River                                                       Longitude: 87 20 22

Year:           2004

                                    Mean daily discharge in m3/s
                                    ============================

Day     Jan.   Feb.   Mar.   Apr.   May    Jun.   Jul.   Aug.   Sep.   Oct.   Nov.   Dec.   Year
 01     60.7   58.0   63.0   60.0   63.7    134    507    911    603    134    213   76.0
 02     60.3   58.0   63.0   61.1   64.3    139    355    727    414    133    196   73.0
 03     59.4   58.0   62.2   61.8   62.3    222    364    629    421    203    171   69.0
 04     59.6   58.0   61.5   61.6   62.2    150    309    593    407    433    160   69.0
 05     59.6   58.0   61.9   61.6   63.0    156    309    555    378    517    148   68.0
 06     59.4   58.0   63.2   60.8   59.0    151    260    587    373    453    141   70.5
 07     59.4   56.6   62.1   61.5   59.3    145    246    543    328    464    132   73.0
 08     59.1   57.0   61.3   61.5   59.2    140    593    534    304    442    123   75.4
 09     58.1   57.4   59.8   62.9   63.6    147    511    602    330    452    113   73.0
 10     58.0   58.2   60.7   61.6   67.5    170    543    592    292    425    102   73.0
 11     58.1   61.2   59.7   64.8   84.4    210    538    612    289    465   95.0   74.6
 12     58.2   60.9   59.8   64.5   74.0    207    474    543    290    527   91.0   73.0
 13     59.1   60.0   61.1   76.0   81.6    223    516    533    273    465   91.0   73.0
 14     58.7   60.0   65.5   68.5    134    233    489    505    253    423   86.6   74.4
 15     58.6   59.1   61.5   66.0    163    239    447    496    229    349   82.6   73.0
 16     58.9   58.8   61.5   70.7    164    256    372    496    218    274   85.0   73.0
 17     58.2   58.6   61.5   73.4    144    275    383    459    207    280   88.0   71.5
 18     58.7   59.1   64.7   75.0    161    273    409    458    196    282   86.2   69.5
 19     58.6   59.0   65.7   70.5    157    278    431    724    183    298   85.0   68.0
 20     59.0   59.5   66.5   74.1    194    295    447    854    174    274   88.0   68.0
 21     59.3   58.8   66.7   82.2    138    290    460    666    174    283   85.4   65.5
 22     59.2   58.5   68.2   91.0    152    299    494    585    186    278   85.6   65.5
 23     60.4   58.6   70.8   75.6    156    366    481    533    304    272   82.0   65.5
 24     63.5   58.8   69.0   75.6    155    260    443    436    327    260   82.0   65.5
 25     60.0   65.0   71.5   76.7    158    365    445    393    400    280   82.6   63.0
 26     58.6   63.0   70.7   69.2    171    227    602    362    332    276   82.6   63.0
 27     58.0   62.1   66.2   67.5    173    248    620    379    304    284   83.8   61.5
 28     58.0   63.0   61.8   63.7    177    263   1010    431    251    272   81.0   60.6
 29     58.0   61.8   61.3   65.2    150    288   1010    418    193    257   79.0   61.5
 30     58.0          60.1   65.2    134    338   1010    445    216    239   79.0   63.0
 31     58.9          59.7           130           934    424           226          70.5

Min     58.0   56.6   59.7   60.0   59.0    134    246    362    174    133   79.0   60.6   56.6
Mean    59.1   59.4   63.6   68.3    119    233    516    549    295    330    107   69.1    206
Max     63.5   65.0   71.5   91.0    194    366   1010    911    603    527    213   76.0   1010

