Station number: 600.1
Location:       Uwa Gaon                                                          Latitude: 27 36 00
River:          Arun River                                                       Longitude: 87 20 06

Year:           1988

                                    Mean daily discharge in m3/s
                                    ============================

Day     Jan.   Feb.   Mar.   Apr.   May    Jun.   Jul.   Aug.   Sep.   Oct.   Nov.   Dec.   Year
 01     76.5   67.5   92.1   98.7    130    226    358   1320    877    336    137   92.1
 02     76.5   69.3   92.1   99.8    137    233    446    949    877    308    134    103
 03     81.0   71.1   81.0   98.7    142    219    640    777    850    299    131    102
 04     81.0   71.1   74.7   96.5    130    180    581    784    828    289    130    102
 05     81.0   71.1   84.0    104    115    186    741    809    795    321    130    101
 06     80.1   74.7   81.0    104    110    176    839    925    802    356    127    102
 07     76.5   77.4   81.0    123    106    173   1010    986    813    280    124    102
 08     76.5   77.4    112    130    103    194    905    839    977    274    127   97.6
 09     75.6   72.0   82.0    145    123    246    686    957    969    246    127   92.1
 10     73.8   71.1   85.0    144    151    264    877    969    969    228    127   91.0
 11     72.9   69.3   91.0    120    138    297    773   1040    755    219    126   87.0
 12     73.8   68.4   94.3    128    137    363    741   1040    673    219    118   89.0
 13     75.6   70.2   96.5    127    137    340    969   1050    590    199    118   91.0
 14     72.0   68.4   94.3    131    133    329    802    969    531    189    118   90.0
 15     64.8   75.6   79.2    114    123    766    795   1370    503    196    114   89.0
 16     72.0   63.0   64.8    103    115    599    969   1370    461    186    114   83.0
 17     67.5   59.0   86.0    113    119    696    905   1270    448    186    113   73.8
 18     66.6   60.6   92.1    110    148    569    961   1370    461    183    114   74.7
 19     72.0   67.5   93.2   99.8    197    653    905   1370    413    181    113   72.0
 20     71.1   63.9    108    118    161    563    828   1370    398    178    108   78.3
 21     72.9   74.7   91.0    123    175    519   1040   1370    405    170    104   80.1
 22     70.2   79.2   86.0   98.7    173    475    905   1370    428    168    104   75.6
 23     70.2   80.1   88.0    110    293    448    957   1370    393    164    103   77.4
 24     66.6   72.0   90.0    101    202    489    877   1370    374    158   99.8   78.3
 25     68.4   70.2   93.2   95.4    181    554   1050   1370    356    156   92.1   79.2
 26     72.9   58.2   92.1    115    173    464    969   1370    388    155   88.0   80.1
 27     52.9   69.3   94.3    103    181    438    945   1220    381    149   87.0   79.2
 28     63.0   80.1   86.0   99.8    204    413    969   1210    470    148   88.0   75.6
 29     69.3   79.2   88.0    102    280    413    986   1130    483    147   86.0   72.9
 30     66.6          90.0    110    249    398    998   1040    410    144   91.0   78.3
 31     63.9          94.3           222           990    929           141          77.4

Min     52.9   58.2   64.8   95.4    103    173    358    777    356    141   86.0   72.0   52.9
Mean    71.7   70.7   88.9    112    161    396    852   1140    603    212    113   86.0    325
Max     81.0   80.1    112    145    293    766   1050   1370    977    356    137    103   1370

