Station number: 600.1
Location:       Uwa Gaon                                                          Latitude: 27 36 00
River:          Arun River                                                       Longitude: 87 20 06

Year:           1986

                                    Mean daily discharge in m3/s
                                    ============================

Day     Jan.   Feb.   Mar.   Apr.   May    Jun.   Jul.   Aug.   Sep.   Oct.   Nov.   Dec.   Year
 01     96.5   72.0   76.5   90.0    102    120    850    949    531    428    155   86.0
 02     92.1   76.5   72.0   88.0    112    130    673    986    517    480    155   89.0
 03     95.4   76.5   81.0   85.0    114    134    608    885    531    360    152   93.2
 04     88.0   77.4   78.3   84.0    131    140    599    791    624    321    152   91.0
 05     88.0   82.0   85.0   86.0    131    145    596    720    491    308    149   98.7
 06     92.1   81.0   84.0   78.3    114    149    557    656    517    304    149   94.3
 07     91.0   76.5   81.0   81.0    117    196    563    572    500    293    148   94.3
 08     87.0   71.1   81.0   85.0    114    263    624    608    514    299    142   97.6
 09     85.0   73.8   83.0   93.2    115    306    584    545    575    282    141    103
 10     83.0   76.5   89.0   89.0    123    293    569    539    590    274    142   99.8
 11     83.0   81.0   87.0   90.0    118    293    525    557    656    274    134   92.1
 12     83.0   78.3   87.0   97.6    123    318    563    584    791    268    131   84.0
 13     78.3   76.5   86.0    106    124    381    548    548    713    253    127   83.0
 14     81.0   77.4   84.0    117    119    374    689    511    877    266    126   83.0
 15     81.0   76.5   87.0    127    131    358    905    508    646    293    124   81.0
 16     78.3   72.0   83.0    123    127    374    998    525    519    264    126   81.0
 17     73.8   74.7   78.3    124    137    503    858    627    505    244    119   81.0
 18     76.5   71.1   78.3    128    138    566    945    670    438    219    118   81.0
 19     74.7   72.0   79.2    107    128    608    986    670    398    209    124   80.1
 20     75.6   74.7   82.0    119    135    630    957    777    358    210    115   80.1
 21     76.5   81.0   79.2    128    131    560    986    689    358    191    115   78.3
 22     77.4   84.0   84.0    126    135    554    986    696    388    184    114   77.4
 23     77.4   93.2   82.0    126    127    640    850    689    381    173    110   82.0
 24     77.4   86.0   80.1    114    123    730   1040    663    365    168    110   77.4
 25     79.2   86.0   81.0    114    114    696   1040    660    351    162    107   79.2
 26     78.3   83.0   81.0    114    114    802   1140    703    351    162    107   76.5
 27     79.2   81.0   82.0    124    107    828   1160    766    347    162    107   76.5
 28     75.6   81.0   89.0    145    114    905   1010    660    405    160    103   74.7
 29     77.4          99.8    160    114   1130    986    566    508    160   98.7   74.7
 30     77.4           101    118    108    945    998    533    443    155   93.2   73.8
 31     76.5          98.7           114           917    548           155          72.0

Min     73.8   71.1   72.0   78.3    102    120    525    508    347    155   93.2   72.0   71.1
Mean    81.8   78.3   83.9    109    121    469    816    658    506    248    126   84.4    282
Max     96.5   93.2    101    160    138   1130   1160    986    877    480    155    103   1160

