Station number: 600.1
Location:       Uwa Gaon                                                          Latitude: 27 36 00
River:          Arun River                                                       Longitude: 87 20 06

Year:           1987

                                    Mean daily discharge in m3/s
                                    ============================

Day     Jan.   Feb.   Mar.   Apr.   May    Jun.   Jul.   Aug.   Sep.   Oct.   Nov.   Dec.   Year
 01     72.0   70.2   83.0    120    114    242    653    925   1100    403    189    107
 02     69.3   70.2   82.0    103    134    264    720   1020   1180    381    176    104
 03     70.2   70.2   84.0    102    124    259    503   1140    917    343    168    102
 04     69.3   72.0   79.2    104    130    278    630   1100    850    314    161    102
 05     72.0   72.0   78.3    103    131    400    696    791    748    304    156    101
 06     71.1   71.1   78.3    109    102    391    710    839    748    274    154   98.7
 07     67.5   71.1   79.2    114   97.6    354    777    809    755    264    148   97.6
 08     71.1   70.2   79.2    114    119    316    839    850    686    251    147   91.0
 09     68.4   71.1   79.2    123    119    349    905    957    581    244    141   91.0
 10     70.2   71.1   79.2    120    130    467    741    969    569    221    140   95.4
 11     69.3   71.1   78.3    108    134    370    777   1140    551    216    135   96.5
 12     68.4   71.1   78.3    110    120    451    777   1410    630    202    134   98.7
 13     68.4   72.9   79.2    110    118    497    791   1140    542    200    134   93.2
 14     68.4   70.2   79.2    109    115    453    673    969    517    191    130   90.0
 15     69.3   71.1   80.1    109    122    464    673    828    503    186    128   84.0
 16     69.3   71.1   79.2   97.6    131    486    791    839    456    178    126   74.7
 17     68.4   72.9   82.0    113    135    451    813    766    443    170    120   80.1
 18     69.3   72.9   85.0   92.1    137    525    755    791    443    175    122   80.1
 19     71.1   69.3   87.0   98.7    123    773    850    802    435    630    119   80.1
 20     72.0   77.4   85.0   96.5    120    569    828    809    456    486    115   79.2
 21     71.1   72.9   83.0    104    145    828    802    755    440    336    113   81.0
 22     71.1   76.5   89.0    120    181    640    945    802    438    289    108   81.0
 23     74.7   78.3   89.0    134    170    608    969    839    478    283    107   81.0
 24     72.0   79.2   95.4    104    152    748   1130    877    451    255    109   78.3
 25     72.9   77.4   92.1    107    161    525   1210    889    443    236    106   75.6
 26     73.8   81.0   93.2    127    172    459   1180    866    443    217    106   74.7
 27     72.0   78.3   91.0    103    148    497   1070    877    605    202    102   74.7
 28     70.2   77.4   95.4   96.5    160    511   1030   1040    608    196    102   74.7
 29     69.3          94.3   98.7    167    464    957    986    483    186    102   72.9
 30     72.0          97.6    104    160    451    929   1030    430    186    103   72.9
 31     70.2          94.3           184           839    905           194          72.9

Min     67.5   69.3   78.3   92.1   97.6    242    503    755    430    170    102   72.9   67.5
Mean    70.5   73.2   84.8    108    137    470    838    928    598    265    130   86.6    316
Max     74.7   81.0   97.6    134    184    828   1210   1410   1180    630    189    107   1410

