Station number: 600.1
Location:       Uwa Gaon                                                          Latitude: 27 36 00
River:          Arun River                                                       Longitude: 87 20 06

Year:           1985

                                    Mean daily discharge in m3/s
                                    ============================

Day     Jan.   Feb.   Mar.   Apr.   May    Jun.   Jul.   Aug.   Sep.   Oct.   Nov.   Dec.   Year
 01     NA     NA     NA     NA     93.2    456    590    696    929    405    191    114
 02     NA     NA     NA     NA      104    391    587    643    921    381    186    114
 03     NA     NA     NA     NA      120    345    578    599   1010    354    192    114
 04     NA     NA     NA     NA      123    519   1050    624   1080    332    183    114
 05     NA     NA     NA     NA      101    347    727    584   1410    316    173    110
 06     NA     NA     NA     NA      117    287    741    569   1130    301    184    110
 07     NA     NA     NA     NA      117    345    858    545    929    289    170    109
 08     NA     NA     NA     NA      109    285    877    548    813    282    170    110
 09     NA     NA     NA     NA      113    486    839    548    741    283    170    110
 10     NA     NA     NA     NA      108    376    802    569    673    478    168    108
 11     NA     NA     NA     NA      122    282    703    548    737    358    170    108
 12     NA     NA     NA     NA      128    259    843    599    696    329    167    107
 13     NA     NA     NA     NA      115    282    877    563    640    338    166    110
 14     NA     NA     NA     NA      138    287   1030    737    696    280    156    109
 15     NA     NA     NA      102    130    297   1060    663    624    283    154    108
 16     NA     NA     NA      102    117    388    998    653    791    283    147    106
 17     NA     NA     NA     94.3    122    599   1060    599    766    511    142    106
 18     NA     NA     NA     92.1    114    525    854    686    663    945    137    106
 19     NA     NA     NA     92.1    118    590    839    917    686    503    134    106
 20     NA     NA     NA      102    114    475    828    850    773    422    133    104
 21     NA     NA     NA      102    162    438    953    929    627    351    142    104
 22     NA     NA     NA      117    127    443    877    977    590    310    126    103
 23     NA     NA     NA      103    123    575    977   1190    560    289    124    102
 24     NA     NA     NA      102    119    660    961   1390    557    268    122    102
 25     NA     NA     NA      102    126    533   1010   1140    599    255    122   99.8
 26     NA     NA     NA      102    186    569    957    957    630    240    120   97.6
 27     NA     NA     NA      102    207    511   1010    869    519    231    119    117
 28     NA     NA     NA     99.8    383    663   1100    850    503    222    118    106
 29     NA            NA     98.7    272    755    937    828    505    214    114   96.5
 30     NA            NA     96.5    278    653    798    850    443    202    114   94.3
 31     NA            NA             289           730    828           197          94.3

Min     NA     NA     NA     NA     93.2    259    578    545    443    197    114   94.3   NA  
Mean    NA     NA     NA     NA      148    454    873    760    741    337    150    106   NA  
Max     NA     NA     NA     NA      383    755   1100   1390   1410    945    192    117   NA  

