Station number: 600.1
Location:       Uwa Gaon                                                          Latitude: 27 35 21
River:          Arun River                                                       Longitude: 87 20 22

Year:           1997

                                    Mean daily discharge in m3/s
                                    ============================

Day     Jan.   Feb.   Mar.   Apr.   May    Jun.   Jul.   Aug.   Sep.   Oct.   Nov.   Dec.   Year
 01     57.5   53.8   57.8   68.0    127    125    564    478    293    247    107   81.5
 02     58.1   56.2   66.6   74.6    105    126    636    461    310    221    102   74.0
 03     58.6   57.8   72.5   68.0    104    131    526    487    324    259  100.0   68.9
 04     56.5   57.0   78.8   68.9    110    125    443    490    329    251   96.0   75.5
 05     57.0   57.0   68.0   68.0    113    132    866    483    343    234   95.3   71.3
 06     57.8   57.8   68.0   67.3    107    147    740    496    332    219   96.0   67.3
 07     56.5   56.5   80.3   64.7    117    165    815    503    354    239   94.0   69.2
 08     55.1   55.4   80.6   67.6    104    174    872    525    358    244   95.7   68.3
 09     56.2   56.2   78.8   67.3    101    173    880    514    340    249    105   80.9
 10     56.2   56.5   80.9   76.1    100    332    876    508    336    239   99.0   96.0
 11     54.9   54.9   89.0   69.6    101    382    906    527    430    236   93.0   77.9
 12     54.3   54.3   95.3   74.6   99.7    282    837    834    483    229   87.0   72.5
 13     57.8   57.8   89.0   71.6   98.0    296    740    971    556    219   83.3   72.2
 14     61.7   61.7   85.8   74.0   99.0    296    635    878    653    217   NA     77.0
 15     62.6   62.6   85.1   81.5   99.7    273    645    755    569    212   NA     64.7
 16     60.9   60.9   85.1   78.5    126    270    592    646    610    202   86.0   64.5
 17     58.3   58.3   83.3   79.7    117    255    528    720    689    185   89.0   63.8
 18     55.7   55.7   82.7   82.4    117    378    460    883    730    176   90.7   64.0
 19     54.6   54.9    115   79.7    121    272    408    827    730    170   86.0   62.9
 20     49.6   54.1   93.7   82.1    132    266    373    596    750    155   78.8   63.3
 21     50.0   54.9   82.1   71.9    121    269    343    479   1140    147   78.2   63.3
 22     48.8   54.3   93.1   76.4    127    303    313    435   1300    144   77.0   61.5
 23     48.8   53.0   77.0   76.4    129    409    299    376    944    126   79.4   61.0
 24     49.6   49.4   68.0   85.5    167    611    314    358    720    120   80.0   60.7
 25     49.4   51.0   68.0   91.3    161    469    338    325    589    117   81.2   58.6
 26     49.6   52.4   66.6   89.7    142    492    375    296    444    115   81.5   57.0
 27     47.8   58.1   68.6   90.7    136    548    423    289    374    111   83.3   57.8
 28     50.8   58.6   81.5   98.3    134    532    387    284    285    116   82.4   57.8
 29     50.2          81.5    109    132    599    740    277    264    115   80.6   57.3
 30     50.2          74.9    140    138    928    576    289    268    115   78.8   56.5
 31     51.2          72.2           130           522    300           111          55.4

Min     47.8   49.4   57.8   64.7   98.0    125    299    277    264    111   77.0   55.4   47.8
Mean    54.4   56.1   79.7   79.8    120    325    580    525    528    185   NA     67.2   NA  
Max     62.6   62.6    115    140    167    928    906    971   1300    259    107   96.0   1300

