Station number: 600.1
Location:       Uwa Gaon                                                          Latitude: 27 36 00
River:          Arun River                                                       Longitude: 87 20 06

Year:           1989

                                    Mean daily discharge in m3/s
                                    ============================

Day     Jan.   Feb.   Mar.   Apr.   May    Jun.   Jul.   Aug.   Sep.   Oct.   Nov.   Dec.   Year
 01     76.5   84.0    113   94.3   99.8    282    615    563    788    676    130   92.0
 02     77.4   87.0    115   95.4    104    259    727    633    624    788    130   93.0
 03     77.4   88.0    114   95.4    142    238    893    575    602    624    129   93.0
 04     73.8   84.0   97.6   94.3    162    246    737    519    560    602    129   94.0
 05     72.0   84.0   88.0   95.4    191    255    755    494    590    560    132   95.0
 06     72.9   86.0    101    101    183    236    795    508    514    590    131   95.0
 07     72.0   85.0    108    106    186    483    866    575    525    514    124   94.0
 08     96.5   85.0    101    112    189    494    795    587    575    525    124   96.0
 09     81.0   84.0    101    117    183    453    689    590    637    575    124   96.0
 10     78.3   80.1   94.3    131    178    332    699    699    517    637    123   96.0
 11     76.5   79.2   91.0    113    189    327    663    766    511    517    121   95.0
 12     78.3   75.6   91.0    104    162    365    633    713    497    511    119   93.0
 13     71.1   73.8   89.0   96.5    173    403    593    646    472    497    117   90.0
 14     67.5   71.1   92.1   99.8    154    448    881    611    443    472    116   87.0
 15     70.2   71.1   94.3    109    152    438    957    560    480    443    114   88.0
 16     72.9   63.9   97.6    113    128    802    925    539    503    480    115   89.0
 17     69.3   66.6   99.8    104    135    486    703    539    528    168    115   88.0
 18     70.2   66.6   94.3    101    160    489    683    581    581    170    115   88.0
 19     71.1   69.3   92.1    104    167    689    643    572    572    164    115   88.0
 20     73.8   64.8   94.3    102    234    491    646    569    569    185    115   88.0
 21     73.8   68.4   95.4    110    370    497    602    791    791    166    115   88.0
 22     72.0   68.4   94.3    108    268    464    640    653    653    161    107   88.0
 23     73.8   66.6   99.8    118    268    420    519    759    759    156    108   88.0
 24     74.7   70.2    104    108    301    386    569    759    759    152    110   85.1
 25     76.5   68.4    104    122    272    425    497    696    696    150    109   87.0
 26     79.2   72.9    104    114    374    472    489    686    686    150    105   85.1
 27     81.0   79.2    101    108    755    500    459    670    670    148    104   81.5
 28     81.0   89.0    102   96.5    656    575    656    773    773    142    105   78.8
 29     82.0          97.6    101   1140    683    569    762    762    138    103   72.5
 30     82.0          92.1   95.4    519    670    618    686    686    136   93.0   71.6
 31     83.0          91.0           354           584    676           134          74.3

Min     67.5   63.9   88.0   94.3   99.8    236    459    494    443    134   93.0   71.6   63.9
Mean    76.1   76.2   98.5    106    276    444    681    637    611    366    117   88.3    298
Max     96.5   89.0    115    131   1140    802    957    791    791    788    132   96.0   1140

