Station number: 600.1
Location:       Uwa Gaon                                                          Latitude: 27 35 21
River:          Arun River                                                       Longitude: 87 20 22

Year:           2005

                                    Mean daily discharge in m3/s
                                    ============================

Day     Jan.   Feb.   Mar.   Apr.   May    Jun.   Jul.   Aug.   Sep.   Oct.   Nov.   Dec.   Year
 01     67.3   60.0   75.0   70.2   82.8    147    256    346    338    208    170   80.2
 02     73.0   60.0   73.8   71.5   78.0    133    289    365    321    202    158   79.0
 03     70.5   60.0   76.0   71.8   78.8    130    364    360    326    226    152   78.6
 04     72.2   60.0   76.0   72.0   75.1    145    332    376    326    210    145   77.8
 05     64.8   60.6   76.0   72.2   74.6    132    332    398    332    196    136   76.0
 06     63.0   60.9   74.8   81.2   76.0    134    854    431    337    223    133   75.2
 07     61.5   60.6   75.4   77.0   84.0    141    338   1130    318    205    130   73.6
 08     61.5   60.0   74.4   77.2   85.0    148    529    616    284    212    129   71.3
 09     61.5   60.9   73.0   77.8   93.0    142    338    647    251    199    124   70.5
 10     60.6   61.2   73.0   76.6    112    118    340    673    233    219    122   69.0
 11     60.0   64.0   73.6   76.2    113    124    337    695    227    223    119   68.0
 12     59.4   66.7   75.2   75.6    108    133    343    652    218    206    119   66.0
 13     60.0   65.7   76.0   76.8    103    132    358    629    208    198    117   64.5
 14     61.5   63.4   75.4   78.2   95.7    146    361    624    202    206    117   63.0
 15     61.5   61.5   76.0   76.0    167    150    370    624    194    212    116   63.0
 16     61.5   61.5   76.4   75.6    167    202    460    620    185    196    112   63.0
 17     61.5   61.5   76.0   74.6   93.4    264    481    647    185    210    106   63.0
 18     60.0   61.5   76.0   77.2   93.4    216    568    642    185    220    102   63.0
 19     60.0   61.5   76.0   76.0   96.1    197    535    606    194    234   96.9   63.0
 20     60.6   61.5   76.0   79.6   98.4    190    453    656    189    222   93.6   63.0
 21     60.6   62.5   76.0   76.6    195    193    438    634    204    229   92.8   63.0
 22     61.5   63.0   84.0   78.4   97.0    220    438    652    206    236   90.0   63.0
 23     61.5   63.7   81.8   73.0    112    233    460    616    216    226   87.2   63.0
 24     60.5   66.0   74.0   70.3    135    233    460    656    258    227   85.2   63.5
 25     60.0   69.2   72.2   72.2    136    214    456    618    216    206   85.0   63.0
 26     60.0   67.7   68.0   80.0    120    214    457    474    210    192   83.8   62.4
 27     60.0   72.2   66.3   98.0    128    214    468    460    210    184   82.6   62.4
 28     60.6   73.0   65.5   80.4    126    214    444    446    187    180   82.2   62.8
 29     60.2          65.7   86.4    125    253    434    364    201    176   81.4   63.7
 30     60.0          65.5   89.6    135    286    392    344    206    174   81.0   62.4
 31     60.0          66.3           124           361    324           170          61.8

Min     59.4   60.0   65.5   70.2   74.6    118    256    324    185    170   81.0   61.8   59.4
Mean    62.2   63.2   73.8   77.3    110    180    421    559    239    207    112   67.2    181
Max     73.0   73.0   84.0   98.0    195    286    854   1130    338    236    170   80.2   1130

