Station number: 600.1
Location:       Uwa Gaon                                                          Latitude: 27 35 21
River:          Arun River                                                       Longitude: 87 20 22

Year:           1996

                                    Mean daily discharge in m3/s
                                    ============================

Day     Jan.   Feb.   Mar.   Apr.   May    Jun.   Jul.   Aug.   Sep.   Oct.   Nov.   Dec.   Year
 01     68.9   68.2   77.3    102    133    209    836    694    559    316    127   74.0
 02     64.3   73.2   76.7   87.7    134    364    659    766    627    308    124   79.7
 03     66.6   73.4   81.0   85.8    143    266    634    785    762    293    121   73.1
 04     62.1   73.4   83.3   86.1    143    197    596    785   1010    293    118   70.4
 05     64.0   69.2   82.1   87.0    154    215    516    742    827    408    116   72.5
 06     64.5   72.8   84.9   92.0    158    235    512    759    802    359    116   71.9
 07     62.9   72.2   84.2   95.3    152    184    513    696    719    323    116   70.1
 08     60.2   74.6   93.3   90.0    152    171    476    693    653    290    115   68.0
 09     57.8   74.0   89.0   90.3    154    157    629    702    600    256    113   69.8
 10     63.0   72.5   84.8   91.7    164    145    664    977    633    226    111   71.6
 11     61.7   72.5   90.7   91.0    150    159    944    864    528    216    111   74.6
 12     68.1   71.0   97.7   90.3    140    158   1040    802    498    219    108   72.2
 13     65.5   70.7  100.0   93.7    130    167   1250    827    482    207    107   71.0
 14     63.8   70.7  100.0   97.0    158    176   1180   1100    470    197    106   69.5
 15     63.8   68.1   98.0    102    174    249   1280   1040    470    187    104   67.8
 16     75.5   66.6    105    105    177    332    941   1040    465    177    104   65.9
 17     69.4   66.1    111    112    183    293    998    957    414    173    103   65.9
 18     68.7   66.9    104    119    158    323    892    957    391    168    100   65.2
 19     64.5   69.8    105    118    151    318   1040    905    371    163   99.7   65.2
 20     64.5   68.3   97.3    125    136    354   1180    917    327    160    101   65.9
 21     63.1   69.8   90.1    107    134    459    814    864    292    160   99.3   65.2
 22     63.6   67.8   90.0   97.0    131    620    819    678    284    157   97.7   63.8
 23     62.9   69.2   92.7    100    130    520   1220    627    285    154   93.3   63.6
 24     62.4   69.8   83.6   96.0    145    517    904    599    280    149   93.3   63.8
 25     61.1   77.0   87.0   82.4    167   1230    922    559    276    144   88.7   63.6
 26     64.0   81.5   99.0   86.0    172   1060    917    534    284    142   84.8   63.8
 27     64.5   71.6   85.4   82.4    195   1090    917    492    405    135   81.2   64.7
 28     65.4   81.2   86.7   82.4    277   1330    797    456    430    135   77.9   60.4
 29     70.5   82.7   85.5  100.0    238    983    802    440    372    135   76.4   60.5
 30     72.2           101    130    194    944    806    490    332    136   74.6   58.9
 31     71.1           106           220           810    742           133          55.9

Min     57.8   66.1   76.7   82.4    130    145    476    440    276    133   74.6   55.9   55.9
Mean    65.2   71.9   92.0   97.5    163    447    855    758    495    210    103   67.4    285
Max     75.5   82.7    111    130    277   1330   1280   1100   1010    408    127   79.7   1330

