Station number: 600.1
Location:       Uwa Gaon                                                          Latitude: 27 35 21
River:          Arun River                                                       Longitude: 87 20 22

Year:           2002

                                    Mean daily discharge in m3/s
                                    ============================

Day     Jan.   Feb.   Mar.   Apr.   May    Jun.   Jul.   Aug.   Sep.   Oct.   Nov.   Dec.   Year
 01     69.5   72.3   73.6   79.0   91.0    154    528    666    424    218    112   93.4
 02     70.5   73.0   76.8   86.0   93.2    164    445    611    411    210    112   93.4
 03     70.5   75.0   84.4   79.0   91.0    166    402    568    400    212    111   92.2
 04     70.5   74.7   77.2   76.0   94.6    161    504    568    443    214    110   91.0
 05     70.5   75.1   76.0   79.6   97.7    160    514    551    467    196    108   91.0
 06     70.5   78.0   77.2   82.0   94.6    156    552    538    392    193    106   89.8
 07     70.5   79.0   79.6   87.2   92.8    154    564    680    355    189    106   88.0
 08     70.8   78.2   80.8   91.0   94.2    155    540    675    332    190    104   86.2
 09     69.7   80.2   80.8    101    108    155    520    434    296    185    102   84.6
 10     69.2   79.6   77.8    101    110    155    489    445    280    180    102   82.0
 11     69.0   80.4   79.0   86.8    104    151    886    434    268    175    100   80.8
 12     69.0   80.2   82.0   83.2    111    150    651    511    264    167   99.8   79.0
 13     70.2   76.4   82.0   85.0    116    133    579    493    258    157    102   79.0
 14     69.5   76.8   84.4   89.2    128    360    454    498    251    150    102   79.0
 15     70.2   77.8   85.6   87.6    143    233    413    423    289    160    102   79.0
 16     70.2   79.0   79.0   85.0    167    202    400    443    258    168    102   79.0
 17     69.5   79.6   82.0    104    239    233    389    477    253    160    100   77.8
 18     69.5   82.6   83.2    112    377    441    402   1040    250    170   99.1   77.8
 19     69.2   85.6   85.0    100    221    496    392   1110    236    155   98.4   77.2
 20     68.5   88.2   85.0    104    178    467    418   1370    221    160   97.0   77.2
 21     70.0   89.8   86.2    102    165    384    566   1100    208    171   95.8   70.5
 22     70.5   84.0   84.8   97.0    162    337    688   1060    201    171   95.8   69.5
 23     70.3   82.0   84.8    105    156    338    678   1110    197    150   96.2   69.5
 24     70.2   82.0   87.2    107    139    299    675    875    218    139   96.2   68.0
 25     70.7   82.0   82.8    112    133    275    565    774    229    135   95.8   68.0
 26     71.2   77.2   86.2    108    133    346    565    673    225    129   94.6   68.5
 27     70.2   74.2   85.4   94.2    133    332    593    575    224    128   94.6   66.5
 28     70.2   75.0   86.2   90.2    134    279    598    533    237    125   94.4   66.5
 29     70.7          84.8   91.0    138    291    685    508    243    120   94.0   66.0
 30     72.2          82.8   88.6    142    331    704    505    244    117   93.4   66.5
 31     72.9          80.8           150           740    445           114          66.5

Min     68.5   72.3   73.6   76.0   91.0    133    389    423    197    114   93.4   66.0   66.0
Mean    70.2   79.2   82.0   93.2    140    255    551    667    286    165    101   78.2    214
Max     72.9   89.8   87.2    112    377    496    886   1370    467    218    112   93.4   1370

