Station number: 600.1
Location:       Uwa Gaon                                                          Latitude: 27 36 00
River:          Arun River                                                       Longitude: 87 20 06

Year:           1994

                                    Mean daily discharge in m3/s
                                    ============================

Day     Jan.   Feb.   Mar.   Apr.   May    Jun.   Jul.   Aug.   Sep.   Oct.   Nov.   Dec.   Year
 01     62.4   58.6   77.0   92.0   86.0    293    403    545    596    234    107   77.0
 02     61.7   60.2   75.2   94.0    103    293    405    517    578    242    105   77.0
 03     61.7   59.4   79.7   90.0    104    283    381    593    545    224    103   74.3
 04     53.0   62.4   76.1   81.5    115    242    356    531    505    202    101   73.4
 05     53.0   63.1   84.2   85.1    133    291    369    569    539    197    101   72.5
 06     54.6   61.0   85.1   98.0    132    253    400    548    461    188   99.0   71.6
 07     55.4   58.6   89.0   98.0    104    210    379    766    545    181   97.0   71.6
 08     57.0   63.8   70.7   97.0    129    210    381    909    383    173    100   74.3
 09     63.1   75.2   78.8   98.0    135    217    398    862    422    168   98.0   79.7
 10     59.4   64.5   70.7   93.0    144    306    381    630    391    161   98.0   77.0
 11     60.2   63.1   79.7   80.6    129    268    345    590    413    158   96.0   76.1
 12     65.2   61.0   68.9   80.6    111    372    363    624    393    152   96.0   76.1
 13     64.5   57.0   84.2   74.3    120    448    340    563    483    148   97.0   75.2
 14     64.5   57.8   81.5   79.7    128    480    345    575    489    144   96.0   71.6
 15     62.4   57.8   90.0   83.3    136    483    354    809    494    142   93.0   70.7
 16     63.8   60.2   83.3   74.3    129    517    365    618    425    140   91.0   71.6
 17     59.4   59.4   92.0   76.1    110    505    329    536    536    136   89.0   68.9
 18     55.4   57.0   93.0   76.1    116    637    456    531    531    129   87.0   66.6
 19     56.2   58.6   94.0   73.4    105    686    472    508    508    127   91.0   63.8
 20     53.0   60.2   91.0   77.0    107    560    413    480    480    127   90.0   64.5
 21     54.6   68.0   98.0   75.2    115    525    388    640    640    126   86.0   64.5
 22     56.2   70.7   88.0   74.3    127    666    400    519    519    124   80.6   63.1
 23     62.4   68.9   88.0   97.0    144    673    405    777    777    122   86.0   63.8
 24     62.4   61.7   86.0   87.0    185    531    408    713    713    120   78.8   63.1
 25     62.4   57.8   82.4   84.2    144    491    413    839    839    118   78.8   63.1
 26     68.9   59.4   84.2   79.7    113    456    519    839    839    116   81.5   63.1
 27     68.9   61.7   80.6   79.7    191    453    602    791    791    116   81.5   65.2
 28     68.0   60.2   74.3   77.0    177    494    759    755    755    114   78.8   63.8
 29     71.6          77.0   87.0    177    486    777    703    703    113   77.0   62.4
 30     70.7          82.4   84.2    224    438    741    618    618    111   77.9   63.1
 31     65.2          88.0           263           663    633           108          61.7

Min     53.0   57.0   68.9   73.4   86.0    210    329    480    383    108   77.0   61.7   53.0
Mean    61.2   61.7   83.0   84.2    137    426    442    649    564    150   91.4   69.4    235
Max     71.6   75.2   98.0   98.0    263    686    777    909    839    242    107   79.7    909

