Station number: 600.1
Location:       Uwa Gaon                                                          Latitude: 27 35 21
River:          Arun River                                                       Longitude: 87 20 22

Year:           2000

                                    Mean daily discharge in m3/s
                                    ============================

Day     Jan.   Feb.   Mar.   Apr.   May    Jun.   Jul.   Aug.   Sep.   Oct.   Nov.   Dec.   Year
 01     77.0   77.9   77.0    115    152    231    642   1560   1120    244    130   91.0
 02     77.0   77.0   79.1    142    136    352    683   1400   1050    226    124   92.6
 03     79.1   75.2   84.0    135    119    398    648   1190   1040    212    124   91.0
 04     78.4   71.6   81.9    124    144    433    520    955   1230    199    122   92.9
 05     78.6   72.8   85.2    124    146    497    517    791   1140    199    121   92.1
 06     78.4   77.0   89.1    122    147    475    580    607   1120    197    120   91.0
 07     77.7   78.4   98.5    119    142    500    560    759   1120    193    120   90.3
 08     79.1   77.5    110    111    140    365    465   1180    984    191    118   91.8
 09     79.8   77.0    104    128    131    378    660   1330    897    187    116   91.0
 10     78.4   75.8    113    120    131    382    630   1330    840    183    115   90.1
 11     77.0   77.0    115    110    137    556    653    931    785    181    113   91.0
 12     77.0   75.8    109    114    138    556    656    855    682    174    111   91.8
 13     78.4   76.0   99.5    125    140    469    661    758    571    182    108   89.6
 14     77.7   74.4   99.8    126    145    422    666    821    475    170    105   89.6
 15     77.0   76.0   96.6    123    179    348    688   1090    493    167    104   88.9
 16     77.0   77.7   96.9    131    178    348    674   1010    498    157    104   88.9
 17     77.0   81.9    101    139    163    348    658    661    497    152    106   87.5
 18     77.0   80.5   99.8    115    166    370    569    633    464    148    103   88.7
 19     78.4   78.2   98.2    137    206    458    572    654    487    146    107   88.2
 20     77.0   75.2   95.5    136    230    494    550    652    487    143    103   87.0
 21     78.4   71.6   90.8    105    290    370    568    987    464    141   99.0   82.4
 22     79.8   75.4   90.1    102    248    420    528    717    460    140    101   81.9
 23     79.8   75.2   91.0    104    241    637    566    706    439    139    101   82.6
 24     79.8   75.2   91.0    117    293    500    521    622    406    138    101   80.5
 25     79.1   77.0   91.0    112    253    506    660    619    382    137    102   80.5
 26     79.1   79.1   92.6    116    538    438    606    648    355    137    101   83.3
 27     78.9   77.0   95.0    120    384    425    636    689    331    133    100   84.7
 28     78.6   75.2   98.2    105    270    387    636    958    298    133   96.6   86.8
 29     79.3   73.2   99.5   96.6    255    587    678   1090    273    131   94.2   86.3
 30     79.8           106    148    230    587    661   1520    258    131   92.1   86.1
 31     78.9           107           240           800   1350           130          88.9

Min     77.0   71.6   77.0   96.6    119    231    465    607    258    130   92.1   80.5   71.6
Mean    78.3   76.3   96.3    121    204    441    617    938    654    166    109   88.0    299
Max     79.8   81.9    115    148    538    637    800   1560   1230    244    130   92.9   1560

