Station number: 600.1
Location:       Uwa Gaon                                                          Latitude: 27 35 21
River:          Arun River                                                       Longitude: 87 20 22

Year:           2001

                                    Mean daily discharge in m3/s
                                    ============================

Day     Jan.   Feb.   Mar.   Apr.   May    Jun.   Jul.   Aug.   Sep.   Oct.   Nov.   Dec.   Year
 01     90.3   66.2   81.0   82.8    103    190    355    620    485    250    132   96.4
 02     82.6   68.2   81.9   81.2    102    166    311    689    495    246    132   96.4
 03     80.5   69.2   84.0   76.4    107    203    280    891    463    230    131   97.3
 04     71.6   71.0   78.4   78.1    106    254    267    653    428    251    131   96.6
 05     70.6   72.4   74.0   81.0    114    260    270    540    504    620    126   97.7
 06     71.0   68.6   71.2   79.8    115    478    261    410    487    474    121   91.0
 07     70.4   71.2   74.4   80.5    126    525    271    435    402    350    118   84.2
 08     74.0   70.4   73.0   77.0    123    339    282    460    410    248    117   92.4
 09     72.8   67.6   73.0   78.4    126    316    271    545    398    252    115   84.4
 10     74.6   69.2   77.2   79.8    132    279    327    474    442    240    115   82.0
 11     73.4   71.6   77.3   80.7    126    270    326    546    428    233    114   82.0
 12     73.4   74.0   76.1   80.3    173    290    327    576    418    225    112   82.0
 13     75.2   75.2   77.8   84.0    207    385    331    598    392    219    111   80.8
 14     75.8   77.7   77.8   89.6    216    406    576    610    347    209    110   80.8
 15     75.8   76.4   76.0   89.6    233    416    594    577    332    202    109   80.8
 16     77.0   79.3   77.6   90.9    248    426    588    596    325    196    110   79.0
 17     75.2   82.4   76.0   92.9    248    440    590    634    402    190    109   79.6
 18     72.8   78.9   76.0   93.9    246    414    513    614    371    180    108   79.8
 19     72.4   77.1   72.6   93.1    223    504    474    718    327    164    106   79.6
 20     74.0   72.6   76.9   89.6    191    479    683    731    351    161    105   79.4
 21     70.4   75.8   82.6   88.9    157    458    677    705    260    158    106   79.2
 22     69.2   83.1   89.4   95.0    173    456    564    715    253    154    104   81.2
 23     66.0   84.2   77.0   94.5    175    468    483   1130    247    152    104   78.8
 24     62.7   86.3   83.8   93.4    255    497    474   1020    246    144    104   77.6
 25     60.0   84.5   82.8    142    206    515    451    868    246    140    100   78.0
 26     60.7   84.2   77.0    112    191    408    439    694    241    137   97.7   77.8
 27     58.2   82.8   80.7    110    191    392    519    704    234    136   97.3   78.8
 28     59.2   79.6   77.0    108    169    424    714    816    233    136   97.3   78.8
 29     60.0          77.0    121    168    417    576    629    226    135   97.3   79.6
 30     62.0          84.2    104    175    362    671    551    243    134   96.4   73.8
 31     64.0          90.1           271           734    499           134          71.2

Min     58.2   66.2   71.2   76.4    102    166    261    410    226    134   96.4   71.2   58.2
Mean    70.8   75.7   78.5   91.6    174    381    458    653    354    216    111   83.1    229
Max     90.3   86.3   90.1    142    271    525    734   1130    504    620    132   97.7   1130

