Station number: 600.1
Location:       Uwa Gaon                                                          Latitude: 27 35 21
River:          Arun River                                                       Longitude: 87 20 22

Year:           1999

                                    Mean daily discharge in m3/s
                                    ============================

Day     Jan.   Feb.   Mar.   Apr.   May    Jun.   Jul.   Aug.   Sep.   Oct.   Nov.   Dec.   Year
 01     88.4   86.1   86.1   95.3    123    272    509    675    709    908    164    107
 02     88.0   86.6   90.8   96.6    126    246    451    643    619    638    159    106
 03     88.2   86.6   90.8   96.3    134    237    917    606    619    619    154    105
 04     90.3   86.8   91.0   96.6    128    199    820    580    591    705    152    105
 05     91.0   88.9   92.3   94.7    116    175    879    521    554    619    147    105
 06     92.1   91.0   92.1   90.6    122    168    810    576    552    513    143    103
 07     90.1   88.7   92.1   86.8    122    156    663    568    520    547    143    101
 08     85.6   88.7   91.8   88.0    120    154    648    591    552    552    141   99.0
 09     86.3   91.1   90.5   89.6    117    166    617    600    549    505    139   95.8
 10     86.1   93.7   89.4   87.3    153    188    604    699    619    548    137   89.7
 11     83.5   95.8   88.4   88.4    116    206    587    727    587    855    134   91.0
 12     81.4   96.9   87.7   91.5    100    282    528    621    547    619    131   90.1
 13     83.3   99.5   84.9   99.3   97.1    278    467    648    500    582    128   91.8
 14     84.7   97.7   84.9    106    164    244    497    634    488    547    126   93.4
 15     85.4   97.1   84.9    118    125    272    435    614    492    505    124   92.6
 16     85.4   95.3   89.1    107    107    264    485    521    472    488    124   92.6
 17     85.4   94.2   87.5    102    109    251    487    619    451    492    121   89.8
 18     85.9   92.6   88.7   95.0    105    321    638    822    619    250    120   90.8
 19     85.4   91.3   90.5    101    105    337    631    876    820    242    120   91.5
 20     84.9   90.8   92.9    102    104    334    609    834    873    229    119   92.9
 21     84.7   90.8   87.0    103    107    378    562   1130    832    218    118   93.7
 22     86.1   94.2   85.6    110    147    423    608   1240   1120    209    116   94.2
 23     87.7   92.9   85.6    103    163    443    654   1220   1240    205    115   94.2
 24     87.5   93.4   87.5    120    165    449    682   1260   1210    198    113   90.8
 25     88.9   90.3   88.4    123    230    464    706   1240   1240    192    112   88.4
 26     88.2   89.1   92.3    117    300    526    844   1630   1240    186    111   86.1
 27     87.0   88.7   90.8    119    261    488    981   1810   1620    180    110   83.8
 28     89.4   86.8   88.7    120    247    601    991   1660   1800    175    110   79.8
 29     88.4          89.6    115    417    474   1050   1360   1660    172    108   78.6
 30     86.6          91.6    122    556    442    995    912   1040    170    107   77.0
 31     86.1          95.5           362           820    784           167          78.2

Min     81.4   86.1   84.9   86.8   97.1    154    435    521    451    167    107   77.0   77.0
Mean    86.8   91.6   89.3    103    173    315    683    878    824    420    128   92.8    324
Max     92.1   99.5   95.5    123    556    601   1050   1810   1800    908    164    107   1810

