Station number: 600.1
Location:       Uwa Gaon                                                          Latitude: 27 36 00
River:          Arun River                                                       Longitude: 87 20 06

Year:           1993

                                    Mean daily discharge in m3/s
                                    ============================

Day     Jan.   Feb.   Mar.   Apr.   May    Jun.   Jul.   Aug.   Sep.   Oct.   Nov.   Dec.   Year
 01     74.3   72.5   82.4   77.9    115    160    969    881    643    274    114   85.1
 02     77.0   69.8   68.0   77.9    130    188    917    869    630    272    113   86.0
 03     77.0   77.0   72.5   78.8    191    160    889    773    566    270    114   84.2
 04     76.1   77.0   80.6   81.5    188    160   1230    839    548    253    112   82.4
 05     73.4   79.7   98.0   80.6    176    163    686    858    539    236    111   84.2
 06     68.9   80.6   87.0   85.1    155    153    505    866    766    234    110   85.1
 07     68.0   80.6   86.0   89.0    137    156    443    858    563    221    109   84.2
 08     68.0   86.0   77.0   88.0    141    212    395    901    539    212    108   83.3
 09     71.6   90.0   80.6   91.0    146    478    398    780    511    200    107   85.1
 10     65.9   92.0   83.3   92.0    132    268    443    969    459    186    105   82.4
 11     65.2   92.0   76.1   94.0    197    214    459    850    418    179    102   80.6
 12     65.2   87.0   78.8   87.0    126    204    497    957    413    174    100   76.1
 13     67.3   88.0   73.4   93.0    110    200    451    777    393    173    103   74.3
 14     68.0   84.2   75.2   87.0    125    196    611    854    379    170    100   68.0
 15     68.0   85.1   85.1   87.0    126    189    593    843    354    168    102   68.0
 16     69.8   86.0   79.7   95.0    134    221    646    734    356    166    100   68.0
 17     74.3   85.1   77.0   98.0    159    224    618    744    329    165    100   67.3
 18     77.0   81.5   76.1    101    163    280    581    689    293    163    103   68.0
 19     77.0   77.0   64.5    105    172    312    621    762    285    161    101   68.0
 20     77.0   65.9   58.6    106    156    388    730    637    276    156   99.0   67.3
 21     76.1   61.0   61.0   95.0    142    395    590    817    289    148   96.0   68.0
 22     68.9   56.2   63.1   97.0    127    446    522    788    293    146   93.0   68.0
 23     68.9   54.6   53.0    102    128    358    475    723    314    143   92.0   63.1
 24     73.4   64.5   62.4    104    131    358    525    653    312    141   92.0   65.9
 25     73.4   57.8   90.0    106    125    358    593    656    291    136   89.0   65.2
 26     74.3   65.2   96.0    103    131    338    630    615    274    132   88.0   65.9
 27     79.7   69.8   87.0    103    146    329    621    599    336    127   87.0   66.6
 28     78.8   80.6   75.2    111    141    278    696    755    310    126   86.0   65.9
 29     77.0          76.1    122    136    299    766    673    293    122   86.0   68.0
 30     77.0          77.0    117    141    312   1050    734    289    119   84.2   65.2
 31     77.0          84.2           142           945    640           117          63.1

Min     65.2   54.6   53.0   77.9    110    153    395    599    274    117   84.2   63.1   53.0
Mean    72.7   76.7   76.9   95.2    144    267    648    777    409    177    100   73.3    243
Max     79.7   92.0   98.0    122    197    478   1230    969    766    274    114   86.0   1230

