Station number: 600.1
Location:       Uwa Gaon                                                          Latitude: 27 36 00
River:          Arun River                                                       Longitude: 87 20 06

Year:           1991

                                    Mean daily discharge in m3/s
                                    ============================

Day     Jan.   Feb.   Mar.   Apr.   May    Jun.   Jul.   Aug.   Sep.   Oct.   Nov.   Dec.   Year
 01     68.0   77.9   82.4    112    130    219    653    869    917    351    131   91.0
 02     66.6   76.1   89.0    111    133    173    813    945    889    314    129   90.0
 03     68.0   70.7   88.0    107    110    164    802   1040    945    293    129   87.0
 04     68.0   69.8   85.1    110   95.0    170    780   1010    905    274    127   89.0
 05     65.9   61.7   80.6    103    110    202    720    969    889    261    127   91.0
 06     65.2   65.9   88.0    105    111    219    720    917    866    249    126   92.0
 07     65.9   63.8   85.1    100    118    325    741    986    766    272    126   90.0
 08     68.0   69.8   79.7    108    133    318    866   1070    850    259    126   89.0
 09     64.5   65.9   77.0   93.0    143    297    917   1070    706    242    123   86.0
 10     64.5   68.0   82.4   99.0    128    448    905   1070    813    228    123   87.0
 11     63.1   69.8   85.1   86.0    125    374    945   1010    720    217    121   83.3
 12     62.4   73.4   85.1   87.0    123    461    945    986    706    202    118   85.1
 13     61.0   76.1   84.2   85.1    128    596    986    828    630    188    116   87.0
 14     61.0   77.9   86.0   77.9    123    615    866    839    581    178    114   84.2
 15     59.4   76.1   81.5   79.7    153    575    791    835    572    173    111   85.1
 16     61.0   79.7   77.0   77.9    134   1190    710    957    569    169    109   83.3
 17     61.0   77.0   84.2   80.6    131    713    689    957    590    168    109   83.3
 18     63.1   77.9   90.0   82.4    132    548    741    905    566    166    108   82.4
 19     63.8   75.2   96.0   84.2    144    599    737    850    531    164    106   78.8
 20     62.4   82.4   94.0   84.2    129    630    752   1130    525    160    103   78.8
 21     61.0   85.1   91.0   83.3    135    517    730    929    508    160    102   78.8
 22     61.0   93.0   88.0   86.0    181    413    646    820    517    156    101   76.1
 23     60.2   87.0   86.0   80.6    226    602    679    703    575    153   98.0   72.5
 24     59.4   86.0   84.2   84.2    141    539    640    653    560    150   98.0   72.5
 25     57.0   86.0   70.7   82.4    143    554    630    630    525    148   96.0   71.6
 26     55.4   86.0   77.0   86.0    141    545    640    673    475    147   96.0   71.6
 27     61.7   83.3   75.2    102    196    464    670    720    539    142   95.0   70.7
 28     63.1   84.2   88.0   94.0    182    478    795    828    548    142   94.0   69.8
 29     65.2          88.0    101    212    539    730    795    365    136   94.0   68.0
 30     70.7           103    101    413    563    673    839    329    136   93.0   67.3
 31     79.7           112           280           643    866           133          66.6

Min     55.4   61.7   70.7   77.9   95.0    164    630    630    329    133   93.0   66.6   55.4
Mean    63.8   76.6   85.9   92.4    154    468    760    894    649    198    112   80.9    303
Max     79.7   93.0    112    112    413   1190    986   1130    945    351    131   92.0   1190

