Station number: 600.1
Location:       Uwa Gaon                                                          Latitude: 27 35 21
River:          Arun River                                                       Longitude: 87 20 22

Year:           1998

                                    Mean daily discharge in m3/s
                                    ============================

Day     Jan.   Feb.   Mar.   Apr.   May    Jun.   Jul.   Aug.   Sep.   Oct.   Nov.   Dec.   Year
 01     53.3   49.4   58.1   70.1    125    222   1120    736    807    339    165    116
 02     51.8   49.4   58.3   73.7    144    218    986    835    808    383    161    113
 03     54.1   49.6   56.6   72.5    126    231    930    848    808    464    158    113
 04     55.4   49.2   60.1   72.2    133    221    831    892    736    464    155    113
 05     57.0   49.8   61.3   69.8    126    214    845    892    711    380    154    112
 06     55.9   49.2   62.9   70.4    173    197   1120    917    652    325    153    111
 07     53.8   49.6   63.1   69.8    191    197   1010    975    571    278    149    110
 08     53.0   50.2   67.9   68.0    289    195    923    990    502    242    147    109
 09     52.4   50.9   66.6   85.5    213    205    936    937    459    233    143    108
 10     53.8   53.1   66.4   80.0    147    214    679    854    433    230    143    107
 11     55.4   54.2   67.0   77.0    130    249    541   1030    417    223    142    104
 12     54.1   55.7   66.1   78.8    114    249    474   1350    376    215    134    106
 13     54.1   52.5   57.5   74.3    113    319    483   1330    370    210    132   98.2
 14     55.4   52.0   56.5   73.4    120    388    490   1160    366    204    133   98.7
 15     52.4   55.4   53.3   78.2    127    325    505   1110    356    200    133    100
 16     50.8   55.1   61.0   79.4    124    325    494    933    352    192    134    100
 17     49.6   57.0   61.9   73.1    138    363    575   1210    345    194    141   99.0
 18     48.6   58.1   62.4   74.3    152    390    669   1420    338    212    147   96.9
 19     47.4   57.0   62.4   81.5    150    378    800   1320    319    319    140   95.3
 20     47.2   58.3   56.7    110    147    416    970   1260    347    375    128   97.4
 21     46.0   59.6   58.6   93.0    172    932    860   1320    328    420    127   97.7
 22     45.8   58.8   83.6    106    192    575    782   1300    375    485    125   96.3
 23     47.4   56.2   93.7   92.7    214    517    855   1300    454    323    124   95.8
 24     46.6   57.8   76.4   88.0    209    674    837   1160    498    308    124   95.0
 25     47.0   57.8   75.5   86.0    208    798    699   1240    430    233    123   93.9
 26     47.8   68.4   66.4    105    209    826    615   1270    383    208    123   90.8
 27     48.8   59.6   66.6    119    286    904    660   1080    345    202    121   92.1
 28     49.4   58.3   80.3    118    270    758    591    917    337    191    121   93.7
 29     48.4          70.1    152    263    869    730    855    329    180    120   95.8
 30     49.6          89.3    129    267    914    789    843    321    175    119   95.8
 31     52.9          76.1           225           752    843           171          94.2

Min     45.8   49.2   53.3   68.0    113    195    474    736    319    171    119   90.8   45.8
Mean    51.1   54.7   66.5   87.3    177    443    760   1070    463    277    137    102    307
Max     57.0   68.4   93.7    152    289    932   1120   1420    808    485    165    116   1420

