Station number: 600.1
Location:       Uwa Gaon                                                          Latitude: 27 36 00
River:          Arun River                                                       Longitude: 87 20 06

Year:           1992

                                    Mean daily discharge in m3/s
                                    ============================

Day     Jan.   Feb.   Mar.   Apr.   May    Jun.   Jul.   Aug.   Sep.   Oct.   Nov.   Dec.   Year
 01     65.9   65.2   73.4   90.0    200    121    395    755    673    253    137   96.0
 02     64.5   67.3   70.7   90.0    186    123    408    759    584    251    137   96.0
 03     65.2   63.8   77.9   89.0    209    121    730    517    542    249    129   93.0
 04     63.1   63.1   87.0   93.0    169    123    653    828    497    257    141   92.0
 05     63.1   63.8   91.0   92.0    114    122    519    813    478    240    125   89.0
 06     64.5   63.8   98.0   91.0    107    123    467    730    566    221    122   86.0
 07     63.8   65.2    101    104    104    124    381    693    575    202    123   86.0
 08     67.3   63.8    106    100    118    129    398    676    554    194    122   87.0
 09     67.3   63.1    102    109    107    121    374    630    630    202    120   86.0
 10     68.0   63.8    100    126    106    169    391    566    511    217    119   85.1
 11     68.0   63.8   77.9    123    104    128    336    533    478    173    116   86.0
 12     68.9   64.5   77.9    125    100    128    430    522    519    249    114   86.0
 13     66.6   66.6    102    122   98.0    150    381    456    587    219    113   85.1
 14     67.3   64.5    104    127    110    148    349    489    624    214    112   84.2
 15     67.3   63.1    108    124    135    148    365    566    575    176    111   83.3
 16     66.6   65.2    107    109   99.0    146    336    578    670    228    110   82.4
 17     66.6   63.1    106   99.0    111    163    323    630    572    233    110   81.5
 18     65.2   61.7    109   95.0    111    182    376    727    483    272    108   78.8
 19     63.1   61.0    106   91.0    123    207    480    686    391    224    107   76.1
 20     64.5   63.1    104   86.0    135    336    475    670    374    216    104   75.2
 21     65.2   63.8    100   99.0    111    578    517    653    347    207    105   77.0
 22     63.1   64.5    105    103    107    343    650    877    306    202    104   78.8
 23     64.5   63.8    100    104    104    777    575    905    291    196    101   74.3
 24     65.2   63.1   96.0    116    112    615    741    945    274    196   98.0   74.3
 25     63.8   63.8   99.0    214    113    646    560   1140    264    191   91.0   71.6
 26     64.5   62.4    101    205    113    575    525    945    240    172   87.0   71.6
 27     65.9   60.2    109    202    113    453    472    998    236    163   88.0   71.6
 28     73.4   67.3    114    204    123    422    456    917    249    144   87.0   72.5
 29     68.9   67.3    121    202    125    539    430    869    251    142   96.0   71.6
 30     68.0           101    202    122    467    505    806    249    141   97.0   72.5
 31     67.3          86.0           123           578    670           136          73.4

Min     63.1   60.2   70.7   86.0   98.0    121    323    456    236    136   87.0   71.6   60.2
Mean    66.0   64.0   98.1    125    123    281    470    727    453    206    111   81.4    234
Max     73.4   67.3    121    214    209    777    741   1140    673    272    141   96.0   1140

