Station number: 600.1
Location:       Uwa Gaon                                                          Latitude: 27 35 21
River:          Arun River                                                       Longitude: 87 20 22

Year:           2003

                                    Mean daily discharge in m3/s
                                    ============================

Day     Jan.   Feb.   Mar.   Apr.   May    Jun.   Jul.   Aug.   Sep.   Oct.   Nov.   Dec.   Year
 01     67.0   68.7   79.0   80.8    107    147    422    585    458    310    115   80.8
 02     67.0   65.5   80.2   85.0   97.0    150    393    620    525    274    113   80.2
 03     68.0   68.0   81.4   88.0   97.0    133    424    587    545    274    112   79.0
 04     68.0   66.0   79.0   88.0   93.4    128    544    555    504    276    111   77.2
 05     68.0   64.0   79.0   88.0   91.0    169    501    514    725    271    106   74.4
 06     66.5   63.0   76.6   88.4   89.2    156    675    449    590    261    101   72.2
 07     66.5   65.5   76.0   82.0   82.4    160    704    382    539    258    100   68.7
 08     66.5   65.5   76.0   91.0   79.0    141   1360    376    442    246   97.7   68.0
 09     67.0   65.0   76.0   91.0   79.0    150   1360    328    412    240   97.0   68.0
 10     67.0   65.0   76.0   91.0   79.0    187   1280    326    409    224   96.4   66.5
 11     67.0   64.0   76.0   93.0   76.8    230    781    349    387    214   95.2   65.5
 12     65.5   64.0   75.4   94.0   77.2    184    601    374    387    206   94.0   65.5
 13     66.0   64.0   73.0   95.2   82.8    195    527    367    398    190   94.0   64.2
 14     66.0   63.0   73.0   95.2   82.6    213    593    357    381    179   93.4   62.8
 15     65.5   63.0   75.4   95.7    151    197    537    470    384    167   92.8   62.2
 16     65.5   63.5   76.6   94.6    143    191    487    454    373    148   92.8   60.6
 17     66.5   63.0   80.4   94.6    127    230    527    478    373    142   92.8   60.6
 18     66.5   64.0   72.7   94.0    110    206    507    629    350    135   91.0   60.6
 19     66.3   64.0   79.0   98.4    107    200    572    594    359    128   91.0   60.4
 20     67.0   63.0   82.0   94.0    112    323    561    516    365    126   90.4   60.0
 21     68.0   64.5   80.2   94.8    112    341    530    439    383    124   89.2   60.0
 22     67.0   65.5   79.0   94.0    106    283    503    429    407    122   89.2   60.0
 23     66.5   66.5   82.0   94.0   97.0    326    383    361    399    120   91.0   60.7
 24     66.5   68.0   82.0   95.0    110    237    364    366    380    119   91.0   59.4
 25     66.5   76.2   83.8    108    148    324    348    349    370    119   89.2   58.9
 26     68.0   79.0   85.0    116    124    468    344    489    376    119   87.4   58.0
 27     68.0   79.0   83.8    119    121    468    341    496    369    123   85.0   58.0
 28     71.5   79.0   84.4    113    134    561    373    504    391    119   83.8   62.0
 29     73.0          84.4    112    129    456    373    486    347    120   82.6   61.4
 30     73.0          85.0    112    107    497    382    431    318    119   82.4   60.0
 31     70.5          85.0           105           596    431           116          60.0

Min     65.5   63.0   72.7   80.8   76.8    128    341    326    318    116   82.4   58.0   58.0
Mean    67.5   66.8   79.3   96.0    105    255    577    455    421    180   94.9   65.0    205
Max     73.0   79.0   85.0    119    151    561   1360    629    725    310    115   80.8   1360

