Station number: 600.1
Location:       Uwa Gaon                                                          Latitude: 27 36 00
River:          Arun River                                                       Longitude: 87 20 06

Year:           1995

                                    Mean daily discharge in m3/s
                                    ============================

Day     Jan.   Feb.   Mar.   Apr.   May    Jun.   Jul.   Aug.   Sep.   Oct.   Nov.   Dec.   Year
 01     56.2   60.2   75.2   89.0    148    287   1250    470   1100    578    128   98.0
 02     53.0   62.4   70.7   86.0    152    304   1120    491    511    545    124   96.0
 03     53.0   63.1   76.1   83.3    142    301   1130    539    519    470    118   96.0
 04     58.6   63.1   86.0   80.6    137    336    866    784    511    422    116   93.0
 05     57.8   63.8   86.0   77.0    136    383    949    748    519    410    116   92.0
 06     57.0   56.2   84.2   74.3    131    489    969    676    548    422    117   88.0
 07     57.8   57.0   83.3   72.5    137    497    933    766    581    372    115   86.0
 08     55.4   57.8   76.1   69.8    138    505    929    843    500    291    112   86.0
 09     56.2   58.6   71.6   73.4    149    533    706    839    425    246    110   84.2
 10     57.0   60.2   75.2    101    182    683    656    869    451    217    136   82.4
 11     57.8   60.2   75.2    103    185    703    893    817    461    202    125   81.5
 12     57.8   62.4   77.0   96.0    200    843    777    839    391    194    168   79.7
 13     57.0   70.7   76.1   93.0    251    759    809    877    433    186    143   77.9
 14     55.4   75.2   79.7   89.0    246    710    777    945    505    186    130   76.1
 15     54.6   88.0   83.3   87.0    329    633    828    881    448    191    127   74.3
 16     53.0   68.9   81.5   86.0    332    596    798    802    400    191    118   70.7
 17     53.8   65.2   80.6   92.0    358    548    839    643    236    192    116   70.7
 18     57.8   62.4   90.0    108    637    986    780    525    238    222    115   71.6
 19     58.6   59.4   86.0    121    696   1250    755    519    554    196    111   70.7
 20     61.0   59.4   93.0    127    545    759    723    517    611    178    108   69.8
 21     58.6   58.6    100    118    627    917    703    483    788    169    107   71.6
 22     56.2   61.0    101    101    472    554    624    500    990    163    105   70.7
 23     55.4   66.6    104    103    358    578    560    503    869    154    104   74.3
 24     55.4   59.4    108    119    280    637    508    517    795    146    103   70.7
 25     56.2   57.8    113    113    246    533    500    511    741    140    102   71.6
 26     58.6   64.5    115    131    240    475    531    666    713    136    105   77.0
 27     57.8   65.9    121    129    253    472    483    877    713    136    101   74.3
 28     57.8   68.0    102    136    280    430    505   1300    676    135    101   64.5
 29     57.0           103    137    261    653    494    941    666    135   99.0   63.8
 30     57.8          98.0    149    264    713    560   1220    608    132   99.0   61.7
 31     57.8          95.0           259           572   1200           130          65.2

Min     53.0   56.2   70.7   69.8    131    287    483    470    236    130   99.0   61.7   53.0
Mean    56.7   63.4   89.3    101    283    602    759    745    583    242    116   77.7    310
Max     61.0   88.0    121    149    696   1250   1250   1300   1100    578    168   98.0   1300

