Station number: 600.1
Location:       Uwa Gaon                                                          Latitude: 27 35 21
River:          Arun River                                                       Longitude: 87 20 22

Year:           2006

                                    Mean daily discharge in m3/s
                                    ============================

Day     Jan.   Feb.   Mar.   Apr.   May    Jun.   Jul.   Aug.   Sep.   Oct.   Nov.   Dec.   Year
 01     61.8   59.0   62.8   73.9   85.6    218    446    364    341    255    150   82.0
 02     63.0   59.7   63.0   71.2   93.4    213    522    363    280    237    148   81.6
 03     62.1   60.3   63.0   74.8   93.0    241    527    364    268    233    148   79.0
 04     60.2   60.3   63.0   75.4   84.8    398    508    406    246    216    145   83.2
 05     59.3   59.6   64.0   71.3   93.0    431    374    411    229    200    145   87.2
 06     59.2   59.2   64.0   73.1   95.8    431    364    418    220    192    145   87.2
 07     59.2   59.2   64.5   73.5   97.9    428    332    364    220    226    140   85.6
 08     59.8   59.2   64.7   70.7   99.3    426    315    394    231    223    140   85.0
 09     59.4   59.7   65.0   73.8   97.1    434    403    379    286    218    136   85.0
 10     59.4   59.8   65.5   72.5    101    452    459    392    351    208    140   83.2
 11     59.2   59.8   65.5   73.5   99.8    343    452    352    438    195    136   81.2
 12     59.2   59.8   65.8   75.6    139    355    400    346    438    209    136   79.0
 13     58.9   60.6   66.0   76.4    125    289    460    329    442    207    136   76.6
 14     59.0   60.3   66.2   80.8   98.1    257    460    352    411    190    133   75.4
 15     59.0   60.3   65.8   76.0    167    198    541    355    353    187    131   76.0
 16     59.0   60.5   66.0   79.4   96.4    185    528    337    352    185    128   74.2
 17     58.6   60.9   72.0   73.9   94.6    181    505    290    272    171    121   73.0
 18     58.6   60.9   74.2   79.8   97.5    197    513    274    246    128    119   74.8
 19     58.9   60.9   79.0   80.0   99.7    178    496    289    226    141    114   73.0
 20     58.7   61.5   77.2   76.0    104    187    552    343    233    154    112   73.0
 21     58.9   61.5   72.0   73.0    103    190    509    392    289    185    110   71.5
 22     60.5   61.5   78.2   77.8    106    176    509    352    412    174    104   71.0
 23     59.4   61.2   78.4   79.0    100    210    580    359    443    154    101   72.0
 24     59.7   61.8   76.6   79.0    114    227    519    370    520    161   95.8   73.0
 25     59.4   62.4   77.2   77.6    121    230    543    444    577    164   91.0   74.2
 26     59.2   62.7   77.2   80.0    139    460    543    556    579    164   88.6   73.0
 27     59.2   62.7   78.0   77.0    152    458    519    507    568    164   87.4   71.5
 28     59.2   62.4   78.2   79.0    154    456    505    478    465    158   84.2   71.5
 29     59.8          75.8   79.0    178    560    411    519    353    154   82.6   70.5
 30     59.0          74.6   78.4    197    748    367    516    304    154   85.0   69.0
 31     59.0          72.0           216           361    355           153          68.0

Min     58.6   59.0   62.8   70.7   84.8    176    315    274    220    128   82.6   68.0   58.6
Mean    59.5   60.6   70.2   76.0    118    325    468    386    353    186    121   76.8    192
Max     63.0   62.7   79.0   80.8    216    748    580    556    579    255    150   87.2    748

