Station number: 600.1
Location:       Uwa Gaon                                                          Latitude: 27 36 00
River:          Arun River                                                       Longitude: 87 20 06

Year:           1990

                                    Mean daily discharge in m3/s
                                    ============================

Day     Jan.   Feb.   Mar.   Apr.   May    Jun.   Jul.   Aug.   Sep.   Oct.   Nov.   Dec.   Year
 01     71.6   73.4   82.4   98.0    127    228    464    759    483    376    132   99.0
 02     73.4   71.6   96.0   88.0    119    289    428    646    514    351    131   89.0
 03     74.3   72.5   87.0   87.0    117    367    438    578    517    332    129   88.0
 04     73.4   73.4   86.0   88.0    124    491    522    563    542    318    127   86.0
 05     71.6   74.3   75.2   83.3    121    505    528    545    650    304    126   88.0
 06     71.6   62.4   76.1   87.0    117    478    590    566    673    297    126   87.0
 07     71.6   63.8   77.0   97.0    123    475    621    575    646    291    126   85.1
 08     69.8   68.9   86.0    100    123    386    858    630    548    285    125   82.4
 09     70.7   73.4   88.0   99.0    125    340    723    703    511    278    122   83.3
 10     71.6   72.5    101   98.0    132    536    703    737    539    259    119   85.1
 11     71.6   81.5   89.0    109    150    663    730    854    533    244    118   81.5
 12     72.5   75.2   91.0    118    166    536    809   1010    596    236    117   79.7
 13     73.4   69.8   88.0    122    188    539    791   1030    554    244    116   80.6
 14     74.3   95.0   86.0    120    216    472    885    877    470    236    114   76.1
 15     75.2   87.0   86.0    131    246    453    759    813    461    244    112   75.2
 16     77.0   81.5   84.2    127    192    446    777    802    517    216    111   73.4
 17     77.0   77.9   90.0    130    217    723    777    730    472    202    110   70.7
 18     77.9   78.8   87.0    128    304    720    909    720    456    191    109   68.9
 19     79.7   75.2   93.0    138    231    706   1080    737    379    181    108   68.9
 20     78.8   74.3   92.0    119    451    777    965    679    358    173    107   69.8
 21     80.6   71.6    103    123    461    759    791    696    336    169    105   70.7
 22     84.2   66.6    104    134    251    689    755    596    351    165    102   72.5
 23     87.0   72.5    105    140    185    693    869    596    340    160    101   71.6
 24     81.5   68.0   99.0    143    174    554    755    590    347    156    101   71.6
 25     78.8   68.0   84.2    142    165    503    770    581    511    152   95.0   69.8
 26     79.7   77.9   81.5    140    163    483    741    653    483    147   88.0   68.9
 27     77.0   80.6   73.4    131    178    475    689    575    593    140   90.0   68.9
 28     79.7   77.0   70.7    142    179    478    730    508    640    138    100   72.5
 29     86.0          90.0    143    216    514    773    483    653    138    100   77.0
 30     77.0          97.0    120    202    533    713    464    475    136    100   72.5
 31     73.4          92.0           197           730    491           134          68.0

Min     69.8   62.4   70.7   83.3    117    228    428    464    336    134   88.0   68.0   62.4
Mean    76.2   74.5   88.4    118    192    527    731    671    505    222    112   77.5    283
Max     87.0   95.0    105    143    461    777   1080   1030    673    376    132   99.0   1080

