Station number: 650				
Location:       Rasnalu Village                                                   Latitude: 27 34 30				
River:          Khimti Khola                                                     Longitude: 86 11 50				
				
				
				
                           AVERAGE MONTHLY AND YEARLY DISCHARGE (in m3/s)				
                           ==============================================				
				
Year       Jan.   Feb.   Mar.   Apr.   May    Jun.   Jul.   Aug.   Sep.   Oct.   Nov.   Dec.   Year				
1964       ...    ...    ...    ...    4.96   12.8   50.8   56.6   47.9   21.5   8.81   5.62   ... 				
1965       4.14   3.51   3.08   3.60   4.38   18.0   59.3   69.5   37.0   16.2   8.84   5.63   19.4				
1966       4.60   3.83   2.99   2.55   3.27   16.5   80.6   83.7   47.5   14.0   7.21   4.20   22.6				
1967       ...    ...    ...    ...    ...    ...    ...    ...    ...    ...    ...    ...    ... 				
1968       4.46   3.73   4.02   4.08   4.71   17.8   75.8   78.2   34.4   27.2   10.5   6.91   22.7				
1969       5.47   4.50   4.23   4.04   6.23   20.0   50.3   49.8   42.4   17.9   9.16   6.56   18.4				
1970       5.10   4.50   4.19   4.06   7.58   30.7   62.7   76.4   36.6   21.3   11.8   9.25   22.8				
1971       7.29   6.44   6.04   7.34   10.9   54.4   61.2   64.9   41.6   20.5   14.1   8.75   25.3				
1972       7.22   6.46   5.97   5.90   8.61   14.4   55.0   60.3   45.4   14.7   9.40   8.01   20.1				
1973       6.48   5.79   5.54   5.28   10.7   61.3   62.1   77.4   56.1   26.3   10.5   8.86   28.0				
1974       7.02   6.05   5.72   7.25   9.26   19.1   68.5   73.8   43.7   22.1   11.9   7.79   23.5				
1975       6.39   5.66   4.66   4.82   6.40   25.8   92.7   68.0   77.0   34.3   14.3   7.82   29.0				
1976       6.07   5.16   4.32   4.39   7.92   56.5   81.4   70.9   50.1   21.0   12.2   7.23   27.3				
1977       5.49   4.42   4.08   7.07   7.45   13.5   78.7   69.9   35.1   17.2   13.0   7.51   21.9				
1978       6.04   4.97   4.87   6.25   17.4   39.3   92.1   81.5   47.3   25.6   12.1   7.47   28.8				
1979       5.32   4.84   3.98   3.95   5.95   14.4   47.3   61.2   47.0   19.2   10.3   6.44   19.2				
1980       4.89   4.32   4.10   3.75   5.51   56.8    102    108   51.7   19.1   9.59   6.49   31.4				
1981       5.28   4.40   4.06   7.23   8.81   25.4    103   99.9   40.7   17.6   9.78   6.87   27.8				
1982       5.50   5.06   4.46   6.20   7.41   35.4    100    152   48.4   20.0   12.1   7.42   33.7				
1983       5.64   4.82   4.26   4.55   9.18   15.4    148    163   53.0   33.8   11.9   7.70   38.5				
1984       5.73   4.81   4.11   4.33   14.5   91.4    126   75.5   60.7   17.6   9.54   7.10   35.1				
1985       5.81   4.97   4.60   4.46   7.72   42.3    166    133   95.2   24.3   9.81   6.47   42.0				
1986       4.91   4.04   3.68   4.70   5.42   52.5    135   93.4   58.1   38.2   10.7   6.72   34.8				
1987       4.78   3.92   3.64   3.76   4.65   45.5    191   92.6   ...    ...    ...    ...    ... 				
1988       ...    ...    ...    ...    10.3   53.5    111    105   57.7   17.4   10.9   9.86   ... 				
1989       6.32   5.87   4.89   3.38   6.64   40.5    122    125   52.1   25.5   10.9   10.2   34.4				
1990       8.67   8.35   7.90   8.58   12.0   56.5    108   73.8   51.5   38.0   20.6   10.9   33.7				
1991       8.36   6.96   5.78   6.63   15.5   42.2    127    161    106   65.2   24.1   10.1   48.3				
1992       8.26   7.02   6.26   5.82   10.4   15.3    110    187   87.9   14.5   10.3   11.4   39.5				
1993       8.55   6.61   6.00   8.56   13.9    129    200    288   75.7   36.6   25.9   18.8   68.2				
1994       6.90   5.67   5.51   5.22   6.37   87.2   82.5   70.0   50.0   20.3   12.4   10.2   30.2				
1995       7.44   5.66   5.07   4.93   14.6   25.9   78.9   91.2   52.4   27.9   13.8   7.50   27.9				
1996       5.97   4.73   6.77   3.76   4.99   15.3   53.0   55.7   45.3   14.8   7.27   4.82   18.5				
1997       4.07   3.02   3.07   4.74   6.67   10.6   46.8   52.0   43.1   21.1   9.52   5.51   17.5				
1998       4.38   3.51   4.04   7.61   7.50   17.1   61.0   87.1   58.2   28.9   11.2   6.22   24.7				
1999       5.47   4.33   3.37   2.84   7.64   19.0   45.1   46.7   47.3   31.4   15.1   7.18   19.6				
2000       5.02   4.57   4.99   4.56   7.44   20.2   45.0   34.9   75.4   14.6   8.26   7.36   19.3				
2001       3.54   2.68   1.88   2.32   12.2   52.2   54.1   86.0   41.8   21.9   8.05   5.80   24.4				
2002       3.73   2.91   2.95   3.86   7.08   13.2   69.5   60.7   27.0   14.4   7.59   4.91   18.2				 
2003       3.73   2.95   3.25   5.26   3.59   15.7   51.6   57.8   40.4   16.8   5.62   4.26   17.6				
2004       3.94   3.12   2.59   2.82   5.43   12.8   38.2   72.6   58.0   31.3   12.7   6.37   20.8				
2005       6.16   5.14   4.62   4.64   4.72   9.59   45.2   70.7   44.6   17.8   9.81   7.30   19.2				
2006       5.89   4.44   4.13   6.09   9.62   21.5   51.1   49.0   42.8   20.3   11.0   7.18   19.4				
2007       7.70   7.04   7.04   7.09   8.05   18.3   54.8   54.6   80.4   25.0   12.9   8.18   24.2				
2008       6.00   4.77   4.21   4.03   5.77   32.8   54.7   74.8   45.2   22.7   11.2   7.49   22.8				
